1.0E-5,58.9241
1.31241E-5,51.892
1.70876E-5,45.9824
2.2426E-5,40.7271
2.91987E-5,36.3409
3.83206E-5,32.4742
4.98935E-5,29.282
7.13124E-5,25.7325
1.01926E-4,22.948
1.45682E-4,20.8085
2.2858E-4,18.8589
3.55803E-4,17.5711
6.67422E-4,16.4671
0.00148489,15.7673
0.00619694,15.3117
0.0234661,15.1271
0.0253,15.116
0.262295,14.2447
0.326358,14.2988
1.06406,13.0291
1.19438,13.4042
1.99482,12.2098
2.07494,12.6627
2.86828,11.8026
3.08957,11.6099
3.20183,11.956
3.54623,11.2753
3.59711,11.6292
3.65445,12.4009
3.67203,12.444
3.9231,11.7483
4.66282,10.913
4.78922,10.334
4.8184,10.5522
4.88216,12.138
4.89863,12.2276
5.02505,11.4626
5.48594,10.8513
5.94648,10.2628
6.21945,9.48268
6.30429,8.85923
6.32545,9.15268
6.34522,10.0223
6.3698,11.9467
6.40126,14.6122
6.41919,15.4568
6.43299,15.6318
6.46058,15.0765
6.51715,13.2901
6.57724,12.3244
6.70017,11.4786
6.97169,10.1888
7.00601,10.0373
7.04503,10.3558
7.11253,12.0534
7.14422,12.3204
7.32124,11.2561
8.18276,9.44852
8.38823,8.59927
8.54876,7.39645
8.61991,6.90811
8.64591,7.03788
8.66643,7.45613
8.68421,8.15828
8.7051,9.48607
8.73046,11.8293
8.78081,17.2624
8.80983,19.2525
8.83477,19.7853
8.8742,18.9743
8.9673,15.7018
9.05696,13.9436
9.18166,12.4129
9.21325,12.2654
9.27645,12.7303
9.34449,13.3408
9.35369,13.3463
9.64872,11.9749
9.96749,11.3466
10.1178,10.9281
10.2578,11.4428
11.1535,9.7568
11.3378,9.08014
11.4622,8.16258
11.5345,7.37684
11.5426,7.34953
11.5647,7.52044
11.5827,8.07822
11.6008,9.15119
11.6228,11.1743
11.668,16.1838
11.6858,17.4935
11.7056,18.0657
11.7297,17.6017
11.801,13.815
11.8442,12.3488
11.9161,11.0662
12.2108,8.05311
12.2269,8.00541
12.25,8.19113
12.2709,8.84932
12.2868,9.85384
12.3049,11.7291
12.3219,14.2983
12.3464,19.2593
12.3875,28.3147
12.4117,31.6037
12.4282,32.332
12.4546,31.0654
12.5296,21.8176
12.5649,18.8395
12.5997,16.9991
12.654,15.3001
12.7259,14.0219
12.8296,13.1616
13.0846,12.1392
13.277,11.6516
13.6774,10.8287
13.979,11.3539
14.185,11.7703
14.4564,11.1485
14.5277,11.6111
14.6023,12.2579
14.6185,12.2687
14.8516,11.2801
15.2462,10.1712
15.3033,10.0209
15.3566,10.2644
15.4653,11.6706
15.5002,11.7708
15.9106,9.66019
15.9774,9.31908
16.0145,9.59321
16.0586,10.7361
16.1206,12.7306
16.1598,13.1153
16.2191,12.4864
16.3064,11.4135
16.5184,10.1223
16.5538,10.0521
16.6202,10.3945
16.7234,11.4758
16.7631,11.5845
17.1995,10.4683
17.7156,9.38578
17.893,8.75143
17.934,8.74412
18.0049,9.1772
18.1201,10.2786
18.1662,10.3834
18.7029,8.21279
19.0721,6.11104
19.0955,6.20854
19.1151,6.54187
19.135,7.26048
19.1526,8.33912
19.1705,9.99749
19.1905,12.6114
19.2124,16.465
19.2462,23.9779
19.2862,33.0268
19.3159,37.6476
19.3422,39.1998
19.3451,39.2174
19.368,38.403
19.4109,33.719
19.4753,25.5349
19.5182,21.7488
19.5682,18.9349
19.6297,16.8486
19.7084,15.2388
19.8424,13.6487
20.0654,12.1936
20.2978,11.5019
20.5372,10.1673
20.5541,10.141
20.6761,10.4727
20.7384,10.1643
20.8805,8.44275
20.8981,8.38368
20.9273,8.65819
20.9448,9.16191
20.9671,10.3127
20.9929,12.4275
21.0334,17.0962
21.0759,21.8834
21.1,23.5525
21.131,24.0975
21.1688,22.7629
21.2443,18.3059
21.2925,16.3536
21.3426,15.1134
21.4445,13.7581
21.5956,12.7556
21.9761,11.529
22.5893,9.96168
22.7981,8.84903
22.8198,8.82271
22.8633,9.0884
22.9281,10.3199
22.9868,11.382
23.0188,11.5382
23.0677,11.1957
23.2537,8.52802
23.2746,8.41452
23.3084,8.63334
23.3344,9.27504
23.3721,10.9557
23.4306,14.0398
23.4622,15.0001
23.4834,15.2081
23.5386,14.6472
23.6062,13.8772
23.6313,13.8292
23.6965,13.934
23.7792,13.7151
24.1172,10.9225
24.1374,10.8825
24.1902,11.2494
24.2945,13.1476
24.3509,13.4509
24.6094,12.029
25.038,11.1248
25.2645,10.9239
25.4903,11.3122
25.7937,12.2691
25.8069,12.272
25.9454,11.9932
26.3174,10.3686
26.3383,10.3552
26.4274,10.6932
26.585,11.921
26.6479,12.0094
27.0981,11.0626
27.2046,11.1186
27.4329,10.5044
27.6444,9.62958
27.7092,9.99903
27.8424,12.2488
27.9009,12.6305
28.0468,11.9434
28.2202,11.2214
28.2637,11.1777
28.4633,11.535
29.4501,9.96999
29.5258,9.84733
29.6327,10.2463
29.7303,10.6963
29.7469,10.7004
30.4887,8.93169
30.5189,8.93128
30.6266,9.04302
30.7065,8.95445
30.7609,9.10405
30.8215,9.9311
30.9087,11.5605
30.9532,11.8349
31.0362,11.2649
31.1555,10.2211
31.6634,8.01772
31.7965,6.98796
31.8732,6.40244
31.8896,6.37175
31.9225,6.54716
31.9497,7.03173
31.9823,8.11509
32.023,10.2169
32.0962,14.5381
32.1271,15.7373
32.1601,16.2865
32.1952,16.1068
32.3522,12.6181
32.4416,11.4821
32.5847,10.4553
33.0627,8.18369
33.2856,6.65347
33.2923,6.64266
33.3219,6.7574
33.3472,7.16535
33.3724,7.98589
33.3989,9.3901
33.433,12.0111
33.5059,18.6432
33.5402,20.5803
33.5661,21.0429
33.5943,20.5817
33.6485,17.8791
33.7154,14.1178
33.7638,12.2129
33.8244,10.6872
33.9382,8.91175
34.1046,6.75194
34.1453,6.51032
34.1771,6.74143
34.2037,7.41132
34.2287,8.56221
34.2553,10.376
34.3015,14.631
34.3489,18.9046
34.3786,20.5871
34.4105,21.1052
34.4478,20.1413
34.5612,13.7966
34.6153,11.7182
34.6738,10.36
34.7211,9.78301
34.7683,9.61633
34.8875,9.97367
34.9405,9.90407
34.9881,10.2006
35.0169,10.9907
35.0467,12.6029
35.0756,15.0505
35.1179,19.9667
35.1828,27.89
35.2145,30.4919
35.2518,31.7999
35.2582,31.8349
35.3084,30.6054
35.45,23.1669
35.5166,20.8562
35.6372,18.3208
35.7787,16.6318
36.0629,14.8109
36.458,13.3974
37.4554,11.5916
38.1949,10.6276
38.4146,10.8306
38.6289,10.4011
38.9358,9.09184
39.147,7.80721
39.1557,7.79615
39.1966,7.96843
39.229,8.51855
39.2596,9.54438
39.2955,11.4921
39.3434,15.1707
39.4059,20.1596
39.4412,21.9664
39.4795,22.5988
39.5298,21.56
39.6584,16.3065
39.7193,14.73
39.8058,13.5427
39.9557,12.9763
40.157,12.1705
40.3698,11.1883
40.4059,11.1598
40.63,11.607
41.225,10.2206
41.6007,9.87984
41.6253,9.85094
41.6795,10.055
41.7188,10.6947
41.758,11.9506
41.8721,17.3076
41.9084,18.1571
41.9215,18.2509
41.9728,17.6407
42.0788,14.4996
42.1447,13.3292
42.2462,12.9049
42.3812,12.5251
42.5741,11.4916
42.5936,11.4813
42.7896,12.2337
42.9401,11.5369
43.1982,10.1499
43.212,10.1307
43.2687,10.3325
43.3413,11.3655
43.4168,12.681
43.4774,13.087
43.5486,12.7011
43.7136,11.2369
43.8417,10.8007
44.0472,11.3209
44.2037,10.925
44.4166,10.0514
44.5029,10.3111
44.6775,12.2095
44.7511,12.3884
45.011,11.9256
45.2709,11.7076
45.7043,10.7993
45.8914,11.0102
46.3667,9.72778
46.6254,8.67282
46.6547,8.65352
46.7483,8.98447
46.878,10.2339
47.0534,12.5308
47.1151,12.7634
47.2339,12.1014
47.4596,10.5467
47.7669,8.85401
47.7881,8.81922
47.8516,9.05756
47.9532,10.4223
48.0319,11.2688
48.0555,11.3508
48.2145,11.0097
48.3914,11.4828
48.495,11.129
48.6406,10.2242
48.655,10.2125
48.7385,10.6467
48.8548,11.7597
48.9038,11.8912
49.0037,11.4223
49.2157,9.7687
49.2416,9.70493
49.2896,9.87964
49.3506,10.8085
49.4595,13.3292
49.5179,13.8283
49.5918,13.2289
49.7241,11.3809
49.866,10.1695
50.0028,9.5179
50.0484,9.47755
50.108,9.48991
50.2867,9.0993
50.3544,9.46169
50.4951,11.4594
50.5379,11.7018
50.6021,11.4686
50.8496,8.88869
50.9837,7.90549
51.0284,7.83555
51.082,8.13678
51.1285,8.85924
51.1895,10.5097
51.316,14.9173
51.3792,16.1126
51.4078,16.2475
51.4806,15.7049
51.6267,14.0393
51.9194,11.8146
52.0144,11.6239
52.1303,12.2036
52.3297,14.2104
52.4297,14.5487
52.6247,13.7593
53.2131,10.8728
53.2755,10.7462
53.3911,11.1474
53.5085,11.8516
53.5548,11.9292
54.0544,10.3285
54.2946,9.8787
54.5597,8.57436
54.7857,7.07616
54.8059,7.04512
54.8531,7.27644
54.8936,7.98028
54.9302,9.15519
54.9755,11.3538
55.0828,17.8755
55.1297,19.6025
55.1547,19.9293
55.1938,19.6039
55.2487,17.8715
55.3575,13.5155
55.4343,11.4296
55.5111,10.1322
55.6102,9.23232
55.6529,9.11975
55.7235,9.35017
55.9214,11.2267
56.0312,11.5881
56.213,10.9584
56.2618,11.2774
56.302,12.2122
56.3421,13.952
56.3932,17.3321
56.4922,24.8723
56.5423,27.1063
56.5802,27.5574
56.6372,26.48
56.7982,20.1031
56.8856,17.8219
57.0065,15.9373
57.2386,13.8407
57.5558,11.6912
57.7001,11.3831
57.8433,11.737
57.902,12.3778
57.9821,14.1703
58.0881,17.0003
58.1505,17.5879
58.2092,17.1075
58.3914,13.7248
58.4739,12.931
58.5174,12.85
58.6025,13.4458
58.7381,15.274
58.7954,15.6196
58.9257,15.1196
59.1864,13.5177
59.6209,12.1698
59.9616,11.7632
60.0972,12.0837
60.3198,13.402
60.3628,13.4463
60.6978,12.2988
60.7106,12.2976
61.206,13.1855
61.92,12.2406
62.3941,11.8829
62.4798,11.8873
63.3884,11.1081
63.7482,11.2759
64.0505,10.7273
64.1071,10.9066
64.1783,11.8493
64.3275,15.2948
64.3918,15.7653
64.4717,15.1176
64.5812,13.6985
64.7259,12.7056
65.14,11.7943
65.6039,10.9693
65.7463,11.3435
65.9062,11.8894
66.2261,11.1066
66.364,11.4955
66.5162,12.0991
66.5319,12.1072
67.0847,11.1582
67.1633,11.1371
67.308,11.1643
68.5339,10.2212
68.8052,9.9329
69.0543,9.35739
69.1041,9.34865
69.3781,10.1457
69.4229,10.1666
69.701,9.52693
70.1082,7.9358
70.1351,7.91838
70.1888,8.07497
70.2549,8.72828
70.4409,12.0261
70.5142,12.6867
70.6797,13.4818
70.8611,15.1997
70.8761,15.2472
70.9638,15.0389
71.2345,12.7277
71.4603,11.6891
71.821,10.9217
72.1111,9.44585
72.1325,9.43001
72.1861,9.60102
72.2548,10.3721
72.4315,13.8614
72.5155,14.5606
72.5271,14.5733
72.6526,13.9273
72.8597,12.6432
73.8577,10.1462
74.0841,9.1713
74.236,8.22116
74.2866,8.07517
74.3372,8.25547
74.3878,8.93041
74.4466,10.3967
74.568,14.2598
74.63,15.3722
74.6652,15.5528
74.725,15.2402
74.9132,12.888
75.0373,12.0756
75.1625,11.8954
75.4057,12.2482
75.6651,13.6479
75.721,13.7139
76.3116,11.8831
76.745,11.2144
77.0928,10.6579
77.3118,10.1663
77.4445,10.5601
77.5916,11.3159
77.621,11.3703
77.7718,11.0015
77.9097,10.6183
78.0197,11.1108
78.1739,12.4023
78.2716,12.6104
78.9393,11.11
79.4849,10.1064
79.6208,10.5218
79.7713,11.2601
79.8199,11.3086
80.1518,10.3895
80.1735,10.3831
80.3207,10.7959
80.4853,11.4091
81.0193,10.2835
81.213,9.78813
81.3083,9.98361
81.5295,11.4545
81.6096,11.5579
82.3562,8.96058
82.3795,8.94157
82.4665,9.19818
82.571,10.3024
82.6821,11.6327
82.7731,12.0108
82.9364,11.435
83.3129,9.23705
83.3882,9.10181
83.4998,9.53334
83.645,10.304
83.6801,10.3305
83.9048,9.85929
84.0219,10.2305
84.334,12.6703
84.4929,13.1003
84.8491,12.0753
84.8558,12.0747
85.2019,12.5773
85.9383,11.9163
86.6649,10.4307
86.9779,10.8617
87.4446,10.2135
87.6927,10.4009
87.9706,9.9755
88.3833,9.09554
88.4207,9.08379
88.5659,9.38586
88.8691,11.0822
89.0071,11.295
89.2486,10.9214
89.5893,9.4198
89.9675,8.85225
90.0184,8.98262
90.0678,9.63394
90.1049,10.692
90.1459,12.6287
90.1918,15.8472
90.2628,22.4954
90.3366,29.1657
90.387,31.8048
90.4223,32.2587
90.4777,30.7112
90.5545,25.6393
90.6468,19.2149
90.7082,16.1853
90.7682,14.2502
90.8581,12.5869
90.948,11.7304
91.0393,11.4083
91.1337,11.6513
91.3845,13.5422
91.4505,13.6571
91.6156,12.9783
91.8194,11.6673
91.97,11.3355
92.062,11.37
92.2281,10.9466
92.301,10.7416
92.3738,11.0122
92.4432,12.0047
92.6085,15.807
92.6764,16.4685
92.6964,16.4757
92.7763,15.815
92.9406,13.4462
93.0728,12.3491
93.4483,11.2663
93.7048,9.93835
93.7273,9.92306
93.7722,10.1099
93.8197,10.7791
93.8672,12.1109
93.9185,14.3668
94.0546,22.0363
94.1109,23.8677
94.1502,24.1633
94.199,23.4487
94.3015,19.7206
94.4035,16.126
94.493,14.25
94.5895,13.289
94.7277,12.9787
94.7845,12.9863
95.0064,12.5446
95.3043,11.7872
95.3583,11.7638
95.767,12.1174
96.2673,11.7419
96.6246,11.9749
97.1448,11.2573
97.6219,10.1222
97.7978,9.66704
97.9073,9.95214
98.0132,11.0279
98.1768,13.1409
98.272,13.6423
98.3021,13.6567
98.7908,11.9804
99.3895,10.9136
99.4275,10.9076
99.6292,11.0077
99.9338,10.7009
100.124,10.4129
100.442,11.0676
100.773,10.3422
100.893,10.744
101.072,11.8458
101.111,11.9246
101.282,11.474
101.58,10.4713
101.701,10.3741
101.908,10.5639
102.135,10.2205
102.606,8.63489
102.649,8.63265
102.738,9.07667
102.836,10.3697
102.961,12.2299
103.028,12.6841
103.055,12.7107
103.144,12.2761
103.295,11.0982
103.335,11.0279
103.418,11.4224
103.597,13.39
103.661,13.6555
103.753,13.4226
103.997,12.0148
104.565,10.5623
104.861,9.60889
104.89,9.58291
104.989,9.79203
105.115,10.8178
105.251,12.1273
105.384,12.558
105.646,11.7503
105.909,10.8541
105.941,10.8429
106.247,11.5654
107.004,9.70999
107.202,9.07134
107.277,9.40017
107.325,10.1802
107.372,11.573
107.418,13.7049
107.488,18.1173
107.583,24.4763
107.644,26.8649
107.678,27.2743
107.739,26.2818
107.834,22.0588
107.925,17.8568
107.999,15.5718
108.094,14.0527
108.344,12.3205
108.61,11.0194
108.654,10.9586
108.77,11.2928
108.972,12.5836
109.015,12.638
109.16,12.1104
109.398,10.7702
109.539,10.323
109.63,10.61
109.711,11.4454
109.865,13.4889
109.954,13.9624
109.983,13.968
110.731,11.6909
111.425,10.3985
111.549,10.8106
111.758,12.1485
111.829,12.2582
112.548,10.3862
112.633,10.3441
112.915,10.9041
113.126,10.4563
113.291,10.1518
113.442,10.6096
113.668,11.7442
113.725,11.8128
114.882,9.69744
114.903,9.6924
115.186,10.05
115.376,9.68763
115.597,9.11026
115.614,9.10702
115.734,9.42876
116.045,11.9028
116.169,12.1986
116.489,11.5027
117.03,10.2852
117.829,8.92682
117.891,8.91849
118.174,9.46233
118.352,9.99399
118.452,10.7476
118.685,13.6949
118.777,14.0789
118.969,13.199
119.128,12.3628
119.463,11.4375
121.121,9.23945
121.388,8.45713
121.491,8.11975
121.543,8.07593
121.623,8.41759
121.69,9.31054
121.761,10.9945
121.942,16.7357
122.004,17.9276
122.069,18.2639
122.15,17.5856
122.378,13.9464
122.537,12.3812
122.661,11.6806
122.791,11.4335
122.965,11.5457
123.17,11.1358
123.441,10.5436
123.932,10.1064
124.271,9.2379
124.477,8.66679
124.492,8.66015
124.619,8.97602
124.818,10.0841
124.874,10.1863
125.023,9.79681
125.227,8.9795
125.254,8.95846
125.339,9.18725
125.446,10.191
125.601,12.0201
125.703,12.4317
125.724,12.4358
125.843,12.3457
126.268,12.9952
126.554,14.5328
126.577,14.5761
126.704,14.3784
127.136,12.2489
127.58,11.0042
127.85,10.8118
128.032,11.1591
128.27,12.1816
128.325,12.2414
128.601,11.5595
129.333,9.71612
129.408,9.6675
129.608,9.91835
129.739,10.6509
129.949,12.6172
130.017,12.8281
130.076,12.7177
130.41,10.6054
130.834,9.1427
130.972,8.98487
131.133,9.39323
131.389,10.4241
131.503,10.5339
131.929,10.0412
132.257,10.3936
132.497,10.1498
132.827,10.691
133.115,10.0093
133.216,9.83592
133.296,10.1808
133.367,11.2138
133.441,13.1921
133.601,18.6927
133.661,19.8826
133.701,20.1212
133.781,19.3644
134.012,14.0354
134.136,12.2517
134.291,10.9676
134.649,9.04173
134.803,8.72377
134.922,9.09695
135.064,10.3462
135.36,13.5564
135.517,14.5105
135.574,14.5747
135.719,13.9842
135.944,12.3082
135.997,12.2099
136.083,12.6558
136.203,14.4942
136.327,16.5034
136.405,16.9192
136.502,16.3822
136.737,13.6579
137.007,11.7172
137.153,11.1697
137.225,11.3858
137.297,12.2058
137.395,14.3373
137.528,17.5719
137.612,18.4257
137.629,18.4369
137.732,17.5526
137.947,14.4217
138.112,13.2019
138.462,12.1398
138.877,11.3271
138.968,11.2789
139.27,11.6258
139.639,10.9832
139.957,10.5566
140.306,11.0584
140.483,11.2468
140.992,10.3783
141.345,9.38364
141.537,8.72089
141.601,8.63469
141.712,8.9228
141.809,9.84257
141.895,11.2662
142.118,16.1368
142.194,17.0128
142.234,17.1439
142.329,16.6444
142.583,13.8058
142.779,12.7207
143.226,11.762
144.703,9.74224
145.153,8.61444
145.175,8.60849
145.264,8.83392
145.352,9.61142
145.469,11.5072
145.632,14.4513
145.756,15.5843
145.805,15.6715
145.928,15.1695
146.212,12.7733
146.498,11.4229
146.949,10.084
146.962,10.0803
147.072,10.4162
147.167,11.3708
147.364,14.1467
147.456,14.6031
147.572,14.0808
147.818,12.0589
148.114,10.8535
148.613,9.3321
148.687,9.24778
148.823,9.55923
148.958,10.5516
149.19,12.6119
149.32,13.0307
149.485,12.5802
149.72,11.6824
149.785,11.6787
150.104,12.3485
150.703,11.6441
151.402,10.4109
151.581,10.7896
151.781,11.4005
151.8,11.4103
152.079,10.7861
152.783,9.09951
152.989,8.54553
153.0,8.54547
153.084,8.81315
153.148,9.47137
153.222,10.8069
153.419,15.656
153.492,16.6423
153.545,16.7988
153.652,15.95
153.85,13.2235
153.994,11.9497
154.309,10.4964
154.543,9.82719
154.585,9.79951
154.788,10.2491
154.948,10.5863
155.291,9.91877
155.42,10.1904
155.658,11.3115
155.709,11.3516
155.932,10.8925
156.077,11.2705
156.241,11.8284
156.467,11.2148
156.555,11.5825
156.64,12.7568
156.819,16.1786
156.906,16.7995
156.987,16.3897
157.219,13.3542
157.349,12.5652
157.669,12.0526
158.053,10.5746
158.297,10.1484
158.735,10.7593
158.795,10.7651
158.915,10.7562
159.34,10.9952
159.707,10.7074
159.963,10.8869
160.149,10.5112
160.398,9.54073
160.423,9.53154
160.491,9.7923
160.543,10.4451
160.596,11.6796
160.654,13.8766
160.721,17.5731
160.881,28.1803
160.95,30.9497
161.003,31.5334
161.044,31.0043
161.116,28.4135
161.29,19.5965
161.355,17.1215
161.433,15.0836
161.541,13.4828
161.709,12.3057
162.036,11.2543
162.378,10.8809
162.605,10.9299
162.873,10.6274
163.253,9.57866
163.346,9.76005
163.439,10.4787
163.708,14.2249
163.821,14.7861
163.961,14.2268
164.221,12.448
164.519,11.3157
165.252,9.19977
165.27,9.19286
165.36,9.43108
165.451,10.2603
165.671,13.593
165.77,14.2011
165.785,14.2037
165.904,13.5936
166.097,12.2763
166.177,12.1405
166.458,12.5172
166.73,12.0361
167.561,9.793
167.628,9.72668
167.794,9.99962
168.159,12.2094
168.301,12.469
168.751,11.704
169.073,10.9268
169.088,10.9216
169.268,11.2938
169.529,12.3431
169.59,12.3989
169.836,11.8327
170.165,10.8788
170.211,10.8593
170.6,11.5776
171.175,10.5293
171.429,10.1553
171.612,10.5152
171.849,11.4001
171.907,11.4567
172.691,10.0746
173.397,9.13964
173.695,8.50426
173.762,8.45913
173.92,8.75355
174.211,9.80059
174.433,10.6313
174.669,11.7628
174.801,11.8658
175.227,11.2771
175.849,9.3376
176.196,8.69836
176.267,8.66652
176.683,9.15499
176.855,8.80597
177.066,7.96374
177.082,7.95107
177.133,8.05513
177.2,8.66031
177.261,9.80795
177.331,11.9581
177.45,17.0029
177.553,21.1152
177.62,22.7203
177.696,23.1185
177.773,22.1623
178.047,15.4388
178.167,13.6366
178.269,13.0875
178.365,13.5407
178.615,17.0019
178.683,17.3021
178.778,16.77
179.035,13.234
179.154,12.5308
179.173,12.5205
179.295,13.049
179.481,14.3641
179.518,14.4217
179.629,13.9686
179.872,11.5375
179.993,11.0286
180.065,11.2662
180.171,12.4779
180.378,15.9475
180.487,16.6651
180.591,16.2497
180.876,13.45
181.042,12.5113
181.805,11.3439
181.964,11.6454
182.082,12.434
182.342,14.9636
182.43,15.2299
182.534,14.9457
182.888,12.8531
183.181,12.266
183.788,11.6449
184.039,12.137
184.225,12.4946
185.159,11.0015
185.482,10.6751
185.886,11.1255
186.458,10.5678
186.942,10.8377
188.046,10.2258
188.981,8.84762
189.065,8.98894
189.141,9.48846
189.226,10.6952
189.312,12.645
189.482,17.1224
189.57,18.3376
189.61,18.4553
189.714,17.6237
189.96,13.7605
190.108,12.4665
190.413,11.2153
191.105,9.76315
191.763,8.38331
191.854,8.60463
191.921,9.22978
191.981,10.3362
192.039,12.0123
192.111,14.9497
192.303,24.6412
192.386,27.1717
192.437,27.6134
192.511,26.8078
192.636,22.8689
192.775,18.1059
192.885,15.4907
193.0,13.8522
193.186,12.4336
193.578,10.8489
193.832,10.295
194.019,10.5744
194.371,12.3877
194.448,12.5147
194.946,11.6611
195.319,11.2594
195.98,10.0971
196.631,9.72058
196.962,9.20968
197.369,9.67884
198.105,9.15838
198.303,9.4025
198.845,11.2602
198.948,11.3563
199.147,11.082
199.713,9.00121
199.747,8.98527
199.814,9.16695
199.888,9.87642
199.949,11.0219
200.02,13.1171
200.117,17.1145
200.259,23.3535
200.335,25.4356
200.403,26.048
200.486,25.2488
200.774,17.9516
200.923,15.4841
201.131,13.5559
201.395,11.9942
201.586,11.3793
201.696,11.5825
201.887,13.0362
202.042,14.0295
202.082,14.0929
202.209,13.7716
202.607,11.6231
202.941,10.7259
203.37,10.308
203.524,10.5377
203.933,12.6868
204.073,12.8932
204.37,12.2854
204.778,11.2031
205.431,10.1498
205.65,10.5647
205.882,11.0742
206.081,10.6842
206.545,9.09183
206.65,8.99178
206.756,9.28013
206.876,10.234
207.117,12.8394
207.253,13.3748
207.262,13.375
207.433,12.8325
207.798,11.2424
208.97,8.61028
208.996,8.60148
209.104,8.88062
209.176,9.60857
209.244,10.985
209.305,12.9148
209.386,16.5692
209.553,25.3742
209.636,27.9437
209.689,28.3565
209.763,27.3108
209.862,23.801
210.025,17.2429
210.112,14.7395
210.193,13.1761
210.256,12.345
210.383,11.3667
210.586,10.8875
210.636,10.8786
210.706,10.8822
211.047,10.5187
211.19,10.841
211.37,12.3461
211.516,13.4247
211.573,13.5537
211.728,13.0648
212.018,11.4894
212.536,10.353
212.906,9.68838
213.14,9.13507
213.232,9.30131
213.323,9.92977
213.431,11.3688
213.653,15.0796
213.773,16.0592
213.818,16.1323
213.978,15.4497
214.308,13.1494
214.551,12.2051
215.086,11.2696
215.849,10.6312
216.642,9.49176
216.778,9.43132
216.957,9.79895
217.279,11.3309
217.371,11.4526
217.946,10.3217
219.446,8.50879
219.945,7.2447
219.994,7.21125
220.124,7.44217
220.285,8.38884
220.717,11.9849
220.867,12.555
220.9,12.5688
221.065,12.1258
221.344,10.9593
221.447,10.8201
221.67,11.2459
221.962,12.0908
221.99,12.1027
222.189,11.7134
222.669,9.33569
222.786,9.06816
222.88,9.258
222.981,9.96112
223.217,12.3961
223.34,12.8242
223.492,12.2795
224.064,8.71969
224.125,8.58695
224.186,8.75731
224.259,9.53412
224.322,10.7866
224.407,13.3911
224.602,20.7598
224.7,23.0408
224.772,23.6132
224.937,22.6163
225.249,20.2924
225.423,17.7638
225.616,14.5546
225.748,12.9645
225.872,12.056
225.945,11.8729
226.033,12.1484
226.143,13.43
226.396,18.2904
226.507,19.0626
226.614,18.5199
226.901,15.445
227.182,13.9798
228.53,10.3752
228.669,10.2922
228.998,10.7159
229.384,12.0242
229.425,12.0471
229.569,11.7861
230.272,8.60363
230.369,8.49846
230.435,8.75647
230.512,9.63287
230.583,11.1991
230.657,13.7022
230.877,23.2801
230.96,25.4088
231.018,25.8215
231.106,24.8479
231.315,19.8256
231.409,18.6202
231.507,18.3142
231.591,18.3517
231.757,17.8577
232.228,13.6139
232.502,11.8229
232.587,11.6596
232.699,12.0907
232.83,13.599
233.014,16.1423
233.133,16.7945
233.272,16.2086
233.516,14.0285
233.623,13.5556
233.679,13.5249
233.831,14.1635
234.079,15.7748
234.161,15.916
234.398,15.1358
234.831,13.2103
235.172,12.65
235.645,12.3102
236.427,11.0199
236.637,11.3989
236.92,12.2412
236.944,12.251
237.205,11.7323
237.697,10.5584
237.911,10.3973
238.389,10.6412
239.015,10.3953
239.765,10.5761
240.087,10.4463
240.638,9.4732
240.73,9.45159
240.822,9.71532
240.942,10.7006
241.102,13.0596
241.249,15.2469
241.371,16.0957
241.398,16.133
241.543,15.6134
241.88,13.4604
242.122,12.7123
242.651,12.1248
242.756,12.1202
243.076,12.1738
243.6,11.708
244.374,10.9128
244.808,10.3159
245.068,9.85416
245.144,9.84484
245.37,10.4053
245.636,11.2401
245.692,11.2737
246.079,10.8041
246.499,11.3228
246.733,11.0695
247.269,9.3908
247.291,9.37513
247.4,9.62841
247.493,10.5072
247.592,12.2543
247.816,17.4191
247.914,18.5421
247.938,18.6122
248.045,17.9869
248.341,13.1679
248.472,11.8246
248.605,11.3428
248.721,11.6998
248.879,13.2372
249.075,15.339
249.205,15.6996
249.376,14.8841
249.618,13.3091
249.951,12.178
251.077,10.1792
251.235,10.0729
251.597,10.5606
251.755,10.7499
252.033,10.4647
252.48,9.46512
252.545,9.42941
252.746,9.78403
253.118,11.2034
253.5,11.7809
253.908,13.1852
253.989,13.2613
254.319,12.7092
255.468,9.68517
255.538,9.63934
255.703,9.99623
255.886,11.2398
256.114,13.0501
256.283,13.5482
256.503,13.0335
256.942,11.5053
257.372,10.8743
257.913,10.3863
258.362,9.84828
258.798,9.57048
259.485,8.05795
259.611,7.96176
259.829,8.31626
260.079,8.85666
260.106,8.86071
260.278,8.54246
260.519,7.64508
260.646,7.47616
260.772,7.79605
260.919,8.79595
261.043,10.1528
261.148,11.9791
261.222,13.9579
261.301,17.0289
261.399,22.2733
261.591,34.4383
261.689,38.378
261.755,39.2623
261.821,38.604
261.934,34.6542
262.156,24.2837
262.259,20.9309
262.385,18.4809
262.551,16.8726
263.112,13.7714
263.473,12.6811
264.081,11.4512
264.387,10.8471
264.41,10.846
264.713,11.4857
264.865,11.6776
265.121,11.0688
265.435,10.055
265.77,9.60732
265.798,9.60684
266.038,9.94878
266.224,10.8668
266.551,13.2549
266.716,13.6065
266.894,13.0749
267.288,11.3546
267.652,10.6995
267.815,10.6282
268.157,11.0546
268.394,11.3931
268.717,10.8648
269.048,10.0764
269.392,9.84612
269.637,9.98285
269.839,10.6727
270.16,12.5849
270.243,12.7981
270.446,12.5711
270.686,12.127
271.076,12.8196
271.251,12.4634
271.906,8.90717
272.005,8.66926
272.092,8.87309
272.167,9.57784
272.242,10.946
272.321,13.2784
272.418,17.2317
272.601,25.6055
272.701,28.5809
272.789,29.4051
272.902,28.1139
273.188,20.8636
273.341,18.4556
273.574,16.8052
274.289,13.4919
274.714,12.3319
274.873,12.234
275.052,12.2672
275.358,11.93
276.193,9.3524
276.224,9.33799
276.336,9.6825
276.428,10.6639
276.522,12.5094
276.647,16.1845
276.817,21.4367
276.909,23.1145
276.998,23.5167
277.132,22.173
277.434,16.776
277.585,15.0665
277.785,13.9844
278.274,13.022
278.629,11.9994
278.827,11.8959
278.883,11.8978
279.322,11.7059
279.539,11.9848
279.847,13.4559
280.127,14.6878
280.311,14.9079
281.079,13.7285
281.434,13.2495
281.846,13.5854
283.463,11.9834
284.764,11.1398
285.199,10.8928
285.955,11.3274
286.512,10.9408
287.056,10.0851
287.093,10.0803
287.298,10.4227
287.634,11.6098
287.76,11.7374
288.01,11.3457
288.791,9.12342
288.844,9.09667
288.987,9.46688
289.138,10.6657
289.38,13.0903
289.533,13.7853
289.599,13.8287
289.889,13.5242
290.139,14.0899
290.426,15.0693
290.461,15.0907
290.724,14.4246
291.137,13.017
291.818,12.0848
291.875,12.07
292.483,12.4476
293.293,11.5376
293.746,11.9045
295.044,10.5182
295.079,10.5138
295.524,10.6758
295.724,10.6489
296.022,11.0926
296.337,11.6611
296.78,11.0269
297.095,10.6907
297.388,10.7945
297.673,10.4066
297.899,10.0525
297.988,10.3587
298.058,10.9703
298.156,12.5741
298.267,15.4637
298.469,21.3731
298.563,22.9377
298.634,23.2141
298.734,22.3576
299.051,16.4662
299.217,14.5849
299.411,13.4246
299.826,12.2533
300.334,11.7396
300.414,11.7328
300.573,11.7378
301.513,11.1827
301.806,11.2388
302.483,10.6888
303.204,11.5101
303.272,11.5168
303.837,11.1928
304.415,10.3392
304.493,10.3158
304.919,10.8079
305.597,11.7318
305.774,11.7936
307.396,10.5199
307.844,10.6648
308.405,10.1481
308.55,10.3709
308.672,11.0626
309.008,14.2782
309.119,14.6354
309.248,14.2721
309.6,12.0673
309.882,11.227
311.02,10.0583
311.063,10.048
311.452,10.2033
311.868,9.7097
312.229,9.33692
312.709,9.71936
312.856,10.3066
313.006,11.5851
313.247,14.0311
313.392,14.4773
313.585,13.6591
313.954,11.5307
314.475,9.45999
314.66,9.12165
314.798,9.39397
314.989,10.6043
315.194,11.9525
315.357,12.2927
315.408,12.2932
315.541,12.2674
316.164,13.0456
316.48,12.694
317.023,11.2612
317.176,11.1601
317.752,11.5447
318.129,11.1025
318.612,10.4306
319.285,9.91281
319.517,10.3446
319.839,11.4541
319.962,11.5444
320.403,10.6261
321.129,9.3526
322.031,8.1553
322.104,8.1362
322.275,8.39198
322.46,9.33297
322.7,10.7567
322.834,11.0166
323.218,10.3524
323.351,10.6207
323.511,11.7646
323.761,14.0734
323.945,14.6541
324.224,15.048
324.442,15.5851
324.632,14.9567
324.958,12.8592
325.145,12.4967
325.398,12.6098
325.591,12.5653
325.788,12.9663
326.123,14.7041
326.189,14.7631
326.333,14.3385
326.663,12.3972
326.733,12.2465
326.868,12.5781
327.015,13.9077
327.239,16.4135
327.353,16.895
327.487,16.4544
327.854,13.3548
328.119,12.1063
328.542,11.1169
328.72,10.9581
328.976,11.3543
329.298,12.2115
329.342,12.248
329.64,11.8704
330.131,10.8731
330.291,10.8198
330.807,11.172
331.215,10.7633
332.068,8.79765
332.156,8.74944
332.332,9.04642
332.507,9.9965
332.647,11.4605
332.77,13.5296
333.057,19.8319
333.166,21.0082
333.199,21.0804
333.29,20.5876
333.464,17.7421
333.639,14.6797
333.767,13.3739
333.905,12.9453
334.332,14.0338
334.375,14.0499
334.636,13.504
335.147,11.9384
336.148,10.2323
336.339,10.437
336.834,12.3909
336.975,12.5478
337.37,11.834
338.032,10.3926
338.236,10.2922
338.422,10.3179
338.804,9.92784
339.384,8.88819
339.409,8.87847
339.526,9.02314
339.622,9.50423
339.719,10.4364
339.845,12.3914
340.101,17.1542
340.237,18.4972
340.282,18.6309
340.419,18.1782
340.853,14.2957
341.149,12.7858
341.785,10.8745
341.922,10.7308
342.215,11.2177
342.383,11.4723
342.754,10.9012
342.893,11.1391
343.237,12.9215
343.374,13.0754
343.412,13.0665
343.535,13.1747
343.647,13.8427
343.787,15.7926
344.02,19.7838
344.138,20.5901
344.16,20.5973
344.292,19.8053
344.639,15.5639
344.833,14.1266
345.221,12.6455
345.764,11.7823
346.156,11.0139
346.453,10.2919
346.512,10.248
346.631,10.4094
346.749,10.9984
347.117,14.1729
347.268,14.6284
347.481,14.0035
347.771,12.6615
347.983,12.3859
348.421,13.2249
348.684,12.7874
349.073,11.9109
349.217,11.8532
349.552,11.9754
349.981,11.5472
350.488,10.9534
350.521,10.952
351.106,11.4347
351.282,11.4026
351.558,11.7793
351.856,12.5048
351.886,12.5161
352.068,12.2396
352.44,11.1439
352.536,11.1024
352.817,11.7639
353.086,12.4175
353.449,12.5243
353.858,12.2059
354.839,10.1928
354.901,10.1638
355.153,10.5635
355.775,12.5049
356.154,14.8224
356.241,14.9741
356.459,14.4032
356.833,12.9882
357.49,12.2457
358.776,11.1734
359.319,10.6251
359.876,11.2539
360.174,11.0883
360.637,11.4125
361.15,10.7319
361.376,11.0538
361.753,12.3102
361.904,12.4138
362.522,11.9341
363.093,11.4835
363.974,10.5404
364.029,10.5356
364.374,10.9759
364.705,11.4388
364.905,11.4015
365.263,11.8167
365.78,12.4917
365.95,12.5331
366.4,12.1242
366.888,11.6134
366.902,11.6129
367.078,11.6249
367.955,10.9453
368.531,10.604
368.897,10.6913
369.254,10.3243
369.647,9.60774
369.673,9.60069
369.854,9.90614
370.007,10.8255
370.385,14.6302
370.522,15.1034
370.697,14.4707
371.032,12.2982
371.237,11.8423
371.28,11.8339
371.55,11.9565
371.866,11.5154
372.155,10.988
372.357,11.4102
372.71,13.1372
372.811,13.2411
373.225,12.5453
373.595,12.8475
374.097,12.1308
374.725,11.3773
376.88,9.95455
377.335,9.52103
377.643,9.93188
378.0,10.6508
378.07,10.6772
378.431,10.1987
379.084,8.52786
379.213,8.43709
379.413,8.8004
379.62,9.82631
379.846,11.6534
380.193,15.1383
380.347,15.677
380.501,15.1173
380.855,12.2061
381.041,11.2804
381.109,11.1871
381.253,11.5708
381.402,12.8256
381.666,15.5952
381.796,16.0737
381.956,15.5242
382.379,12.4707
382.699,11.2301
382.902,10.9535
383.1,11.3126
383.49,13.084
383.634,13.2991
383.93,12.6687
384.257,11.9828
384.338,11.9602
384.586,12.0099
385.717,11.1831
386.5,9.62637
386.757,9.14889
386.85,9.13926
387.004,9.54471
387.121,10.3406
387.336,12.7345
387.522,14.6852
387.64,15.2406
387.685,15.281
387.9,14.5771
388.136,13.6853
388.274,13.5753
388.475,13.6222
389.208,12.9308
389.933,11.5673
391.162,10.2795
391.643,9.51329
391.766,9.63892
391.906,10.2372
392.148,12.3016
392.324,13.6986
392.483,14.13
392.735,13.4131
393.095,12.2074
393.7,11.6973
395.28,10.4488
396.066,9.63681
396.222,9.82084
396.434,10.807
396.732,12.6148
396.96,13.0056
397.15,12.9425
397.587,13.3548
397.946,12.7105
398.433,11.6763
399.606,10.5407
399.661,10.537
400.558,11.21
400.995,10.6661
401.243,10.4422
401.835,10.8937
401.934,10.8889
402.654,11.3737
403.485,10.5692
404.276,9.54083
404.619,9.9207
405.506,11.3867
405.963,12.7344
406.062,12.7921
406.498,12.0027
407.18,10.9479
407.815,10.525
408.222,10.8359
408.808,12.2831
408.88,12.3201
409.318,11.7366
410.125,10.5998
410.259,10.5467
410.984,11.2238
412.158,10.4084
412.83,10.0226
413.654,9.27634
413.746,9.26972
414.27,9.62357
414.498,9.56886
414.754,9.80589
415.167,10.8787
415.23,10.9157
415.572,10.7789
416.025,11.0754
416.418,10.6346
417.404,8.65429
417.573,8.42275
417.711,8.60048
417.836,9.35994
417.949,10.7005
418.129,13.8702
418.305,16.8369
418.428,17.797
418.457,17.8478
418.596,17.2313
418.968,12.8852
419.16,11.4746
419.378,10.8148
419.445,10.7806
419.651,11.165
420.043,12.931
420.179,13.1451
420.47,12.565
421.015,11.1511
422.643,9.20875
422.692,9.20094
422.944,9.46938
423.501,11.0804
423.646,11.1788
424.597,10.3685
424.78,10.6215
424.943,11.5339
425.294,14.6178
425.417,15.005
425.582,14.5838
425.944,12.7382
426.624,11.7017
427.04,10.6058
427.133,10.5345
427.389,10.9639
427.7,11.7536
427.746,11.7761
427.969,11.4378
428.349,10.3989
428.447,10.3266
429.575,11.8583
429.793,11.5076
430.165,10.6906
430.203,10.6813
431.436,11.9183
431.777,11.4549
432.809,8.9113
433.03,8.69974
433.251,8.9512
433.468,9.83044
433.665,11.3289
433.988,14.2623
434.125,14.822
434.175,14.8629
434.579,13.9455
434.834,14.4556
435.109,15.0396
435.362,14.3839
435.86,12.464
436.539,11.225
438.449,9.26704
438.526,9.25549
438.762,9.58296
439.242,11.4966
439.374,11.6584
439.665,11.1519
439.875,10.751
440.023,10.9976
440.186,12.0791
440.504,15.249
440.67,15.8577
440.848,15.245
441.292,12.1802
441.568,11.1495
441.714,11.0141
441.935,11.4975
442.457,14.2293
442.646,14.5569
443.028,13.8932
443.775,12.1973
444.325,11.7334
445.046,11.3771
445.315,11.253
445.913,11.5197
446.59,10.8734
447.402,9.94801
447.478,9.93726
447.84,10.0286
448.135,9.94728
448.361,10.2935
448.794,12.2869
448.902,12.3998
449.075,12.0058
449.403,10.8129
449.505,10.7437
449.739,11.2944
450.024,12.2092
450.157,12.3254
450.883,11.9628
451.511,11.3092
452.99,9.49986
453.137,9.46324
453.335,9.93804
453.592,11.5725
453.812,12.9421
454.026,13.3866
454.503,12.6281
455.13,11.0653
455.277,10.952
455.867,11.6451
456.298,11.0822
457.253,9.83591
458.246,9.33867
458.611,9.69427
459.024,10.2918
459.445,10.5617
459.824,11.0816
460.045,10.7894
460.85,8.54929
461.087,8.21039
461.198,8.38253
461.316,9.04658
461.434,10.3874
461.575,12.8997
461.816,17.7247
461.94,19.1226
462.017,19.3397
462.154,18.5554
462.506,13.9339
462.654,12.5573
462.866,11.478
463.108,11.0425
463.278,11.3413
463.441,12.4018
463.869,17.1627
464.006,17.8758
464.073,17.9514
464.325,17.0948
464.865,14.1207
465.4,12.3265
466.012,11.1224
466.137,11.0759
466.777,11.7667
467.717,10.8305
468.204,10.2308
468.238,10.2267
468.738,10.7459
469.353,11.4399
469.436,11.4563
470.582,10.6821
471.165,9.44321
471.209,9.4267
471.394,9.74985
471.57,10.765
471.933,13.7213
472.124,14.3447
472.149,14.3505
472.401,13.7059
472.831,11.9989
473.169,11.4434
473.268,11.4259
473.531,11.4659
474.588,10.5523
474.931,10.3231
475.299,10.4272
475.692,10.1332
476.151,9.51781
476.278,9.61557
476.517,10.3539
476.818,11.4017
476.98,11.5552
477.605,11.1506
478.213,9.45238
478.576,8.51021
478.657,8.47027
478.791,8.74033
478.903,9.3797
479.078,11.1464
479.345,14.2045
479.467,14.9572
479.524,15.0876
479.702,14.6717
480.25,11.0978
480.52,10.0107
480.691,9.798
480.863,10.2804
481.022,11.5114
481.372,15.2307
481.55,16.0253
481.581,16.0485
482.338,14.1062
482.879,12.023
483.203,11.5877
483.723,11.9475
484.68,11.3033
484.928,11.2148
485.541,11.8538
486.027,11.1719
486.654,10.3396
486.7,10.3327
487.019,10.7425
487.4,11.3992
487.425,11.4021
487.877,10.7554
488.599,9.70069
488.923,9.54359
489.298,9.88633
489.738,10.551
489.792,10.5571
489.988,10.4919
490.227,10.7435
490.746,12.9097
490.862,13.0246
491.177,12.3943
491.696,11.0447
492.166,10.7537
492.597,10.6906
492.866,11.015
493.239,11.8682
493.473,11.6785
494.085,9.91655
494.303,9.72288
494.769,10.0217
495.261,9.63869
495.509,9.95747
496.002,11.2149
496.297,12.077
496.704,14.2349
496.785,14.3649
496.951,14.053
497.481,11.3397
497.835,10.4904
498.594,9.8699
499.081,9.39027
499.119,9.38998
499.9,9.83155
500.253,10.8732
500.59,11.8533
500.725,11.9269
500.998,11.5005
501.498,10.2088
501.631,10.1096
501.887,10.4448
502.237,11.2079
502.345,11.2512
502.683,11.0469
503.065,11.5367
503.766,12.4843
503.818,12.4955
504.21,11.9965
504.848,10.7625
505.414,10.3962
505.869,10.7777
506.325,11.2115
506.983,10.7023
507.44,9.9941
507.47,9.98831
507.749,10.3926
508.12,11.3855
508.263,11.5008
508.622,10.9671
509.345,9.2065
509.649,8.94013
510.071,9.33934
510.371,9.62203
510.847,9.11351
511.035,9.43222
511.202,10.3505
511.637,14.0122
511.806,14.5726
511.835,14.5741
512.023,13.9673
512.407,11.3802
512.561,10.8298
512.641,10.7764
512.826,11.2871
513.141,13.4919
513.448,15.4839
513.732,16.1346
513.756,16.1347
514.286,15.0574
515.792,12.6366
517.958,10.5593
518.589,9.4903
518.946,8.82699
518.969,8.81963
519.104,8.99089
519.234,9.61158
519.395,11.1083
519.724,15.03
519.857,15.8857
519.925,16.0432
520.152,15.5221
520.496,14.3586
521.051,13.5036
521.828,11.6553
522.497,10.892
523.234,10.138
523.609,9.6537
523.786,10.0101
523.928,11.0015
524.08,12.9266
524.403,18.2191
524.555,19.4319
524.595,19.4943
524.737,18.913
525.171,14.2126
525.372,12.8218
525.712,11.6343
526.861,9.64836
527.003,9.55012
527.158,9.73466
527.322,10.5172
527.502,12.1759
527.786,15.1469
527.947,15.8273
527.965,15.836
528.153,15.2512
528.531,13.0902
529.498,10.7209
529.699,10.5438
530.047,10.882
530.439,12.0519
530.895,13.9533
531.088,14.2142
531.839,13.777
532.667,12.0247
533.87,10.5102
533.909,10.5019
534.198,10.8497
534.617,11.9466
534.729,11.9993
535.37,11.333
535.851,11.0683
536.461,10.001
536.586,9.96131
537.082,10.1753
537.259,10.1595
537.56,10.3688
537.969,11.7319
538.246,12.4492
538.387,12.5106
539.065,11.5028
539.535,10.719
539.62,10.6917
540.173,11.1487
540.581,10.7023
541.224,9.34668
541.349,9.30823
541.476,9.6659
541.571,10.3672
541.684,11.8463
541.819,14.6237
542.121,22.483
542.254,24.5683
542.34,24.9347
542.467,24.0251
542.633,21.0065
542.894,15.5115
543.044,13.2644
543.208,11.824
543.379,11.2872
543.415,11.2791
543.616,11.7524
544.067,13.7165
544.273,13.906
544.595,13.2294
545.397,10.6059
545.51,10.5016
545.624,10.6965
545.775,11.6313
545.944,13.6868
546.253,18.2512
546.42,19.398
546.452,19.4435
546.6,19.0016
547.082,15.0832
547.395,13.7776
548.043,12.7612
550.107,11.2502
551.097,10.3668
551.448,10.7268
551.885,12.2075
552.23,13.2385
552.332,13.2941
552.704,12.6724
553.248,11.6571
555.25,9.9864
555.922,9.17486
556.226,9.46289
556.686,10.4635
556.844,10.5352
557.261,10.3328
557.519,10.7007
558.047,12.3908
558.466,12.8215
558.902,12.3317
559.609,10.7286
559.898,10.5491
560.737,10.9901
561.281,12.1115
561.346,12.1465
562.108,11.3565
562.564,11.5206
562.954,11.1895
563.514,10.432
563.7,10.3896
563.939,10.4016
564.251,10.3646
564.657,10.7442
565.031,11.2638
565.359,10.9334
565.843,10.3243
565.944,10.3069
566.861,10.8873
567.412,10.4783
567.99,9.67726
568.123,9.64183
568.697,9.93395
569.274,9.45096
570.126,8.71022
570.384,8.45398
570.593,8.66663
571.032,10.0444
571.139,10.168
571.348,9.91735
571.6,9.44532
571.726,9.73948
571.828,10.5374
571.947,12.272
572.087,15.3597
572.355,22.1147
572.483,24.048
572.594,24.4904
572.739,23.4919
573.134,18.2272
573.384,16.37
574.075,12.7667
574.372,11.9828
575.01,11.4161
575.4,10.8832
575.431,10.8829
576.111,11.7956
576.57,12.1409
577.003,12.6605
577.046,12.6596
577.282,12.8027
577.517,13.6963
577.845,15.4485
577.974,15.7233
578.21,15.3282
578.803,12.7481
579.112,12.217
579.834,12.9627
580.538,12.1871
582.0,10.5032
582.089,10.4871
582.459,10.9728
582.787,11.4663
583.136,11.1251
583.761,10.2758
584.489,9.29638
584.6,9.2638
584.847,9.70445
585.338,11.67
585.665,12.1325
585.732,12.1379
585.908,12.1261
586.204,12.1666
586.562,11.7673
586.949,10.9123
586.988,10.9079
587.142,11.202
587.375,12.5783
587.642,14.3234
587.796,14.6322
587.912,14.4147
588.459,11.5677
588.764,10.8507
589.299,10.151
589.701,9.20651
589.835,9.06557
590.033,9.28882
590.221,10.1389
590.507,12.4599
590.755,14.3713
590.913,14.9479
591.01,14.9948
591.368,13.9302
591.719,12.9712
591.852,12.8977
592.295,13.1789
592.673,12.7183
593.124,11.7843
593.843,11.2256
594.35,10.3275
594.587,10.6608
595.09,12.9516
595.248,13.2286
595.801,12.6356
596.195,13.2794
596.477,13.6516
596.837,13.0858
597.93,10.4886
598.211,10.0926
598.423,10.3908
598.641,11.5217
598.966,13.6293
599.159,14.0715
599.428,13.429
599.788,12.0795
600.126,11.6167
600.789,11.9815
601.899,10.756
602.65,9.82649
602.696,9.82565
602.999,10.2913
603.432,11.5836
603.634,11.772
603.919,11.6852
604.123,11.897
604.353,12.7928
604.75,14.797
604.896,15.0476
605.209,14.4675
605.801,12.6244
606.353,11.9436
607.172,11.6057
608.038,10.7634
608.106,10.7559
608.696,11.0614
609.039,10.7579
609.543,9.81087
609.647,9.77742
609.854,10.0984
610.417,12.3829
611.301,14.1929
611.344,14.2115
611.676,13.725
612.265,12.2468
612.401,12.1277
612.873,12.6388
613.106,12.8584
613.58,12.3077
614.26,11.1666
614.508,11.0794
614.804,11.1016
615.025,11.0979
615.692,11.3927
616.486,10.7533
616.827,11.1505
617.238,11.8395
617.269,11.8458
617.585,11.444
618.046,10.4452
618.092,10.4311
618.267,10.7951
618.419,11.9006
618.567,13.8368
618.948,20.4219
619.089,21.7136
619.176,21.8852
619.35,20.9234
619.767,16.115
619.947,14.6535
620.235,13.3798
620.854,12.4134
621.758,11.6262
622.829,11.0013
623.356,10.625
623.865,11.1039
624.146,11.3295
624.529,10.9483
625.231,9.85677
625.516,9.74197
625.905,10.0209
626.168,10.9067
626.597,13.2046
626.774,13.5114
627.06,12.8813
627.751,10.4097
628.107,9.73243
628.166,9.71461
628.466,10.1168
629.188,12.1397
629.377,12.314
629.697,11.8968
630.254,10.5549
630.424,10.4482
630.901,11.0179
631.199,11.2793
631.887,10.9751
632.026,10.979
632.435,10.6959
632.899,10.1146
633.153,10.5086
633.458,11.9294
633.794,13.5878
633.932,13.776
634.126,13.341
634.525,11.565
634.594,11.4784
634.729,11.7738
634.86,12.7795
635.019,14.9278
635.323,19.7745
635.471,21.0013
635.537,21.1229
635.718,20.2467
636.117,16.259
636.344,15.1701
636.916,14.5087
637.643,12.1345
638.368,11.0922
638.688,10.9092
639.186,11.589
639.389,11.7797
640.339,10.9722
640.391,10.9691
640.711,11.3384
641.064,12.854
641.336,13.8636
641.43,13.9336
641.665,13.4384
642.19,11.4547
642.724,10.5869
643.141,10.3777
643.441,10.3989
643.898,10.2893
644.123,10.6202
644.226,11.1867
644.334,12.2728
644.469,14.5328
644.636,18.7065
644.884,25.6155
645.027,28.011
645.116,28.4164
645.244,27.5089
645.437,23.7389
645.714,17.4713
645.871,15.0026
645.997,13.774
646.138,13.1117
646.195,13.0358
646.387,13.4209
646.799,15.2825
646.943,15.4659
647.212,14.9339
647.828,12.9977
648.371,12.2109
648.483,12.1843
649.199,12.8174
651.456,11.2631
652.588,10.5852
653.768,11.2378
654.046,11.2684
654.755,10.8967
655.418,10.222
655.464,10.2175
656.097,10.5119
656.679,10.367
656.797,10.3687
657.699,9.86949
658.03,10.2256
658.581,11.4817
659.982,13.0087
660.276,12.6707
660.893,11.001
661.317,10.5796
661.351,10.578
661.706,10.6303
662.272,10.1688
662.808,9.76123
663.448,10.2137
664.09,10.7763
664.114,10.7771
664.535,10.4151
665.117,9.26273
665.207,9.20867
665.374,9.4195
665.514,10.0042
665.716,11.5141
666.04,14.252
666.237,14.9353
666.262,14.9458
666.483,14.4478
666.933,12.7108
667.534,12.0064
669.125,11.0835
670.079,10.1763
670.823,9.8666
671.441,9.2022
671.471,9.20063
671.864,9.59426
672.802,10.9356
673.104,11.1563
673.695,10.4934
673.907,10.7782
674.363,12.5116
674.511,12.6658
674.776,12.0671
675.293,9.96881
675.589,9.41635
675.635,9.40317
675.889,9.73135
676.365,11.5963
676.692,13.2531
677.221,17.574
677.368,17.9376
677.528,17.454
677.922,14.9286
678.172,14.4483
678.5,14.6392
678.893,14.0404
679.409,12.9014
679.665,12.795
679.805,12.8005
680.254,12.4663
681.095,10.4734
681.187,10.4202
681.403,10.7444
681.675,12.0679
682.025,14.0504
682.305,14.6055
682.755,13.8325
683.435,12.5575
685.118,11.7986
685.797,12.2768
686.144,12.5094
687.013,11.6765
688.398,10.0149
688.537,9.99263
688.812,10.4804
689.262,11.9821
689.423,12.1367
690.074,11.279
690.101,11.2787
690.671,11.7311
691.089,11.1654
691.672,9.985
691.821,9.90231
692.068,10.1686
692.384,11.2912
693.058,14.9883
693.237,15.3722
693.53,14.8915
694.164,12.5642
694.682,11.6963
695.963,10.8035
696.253,10.612
696.615,10.9812
697.14,11.8703
697.341,11.9351
697.848,11.5614
698.334,10.6946
698.435,10.6426
698.681,10.9905
699.215,12.8147
699.981,13.6781
700.319,13.2468
700.945,11.5621
701.454,11.2487
702.12,11.0827
702.794,11.3505
703.193,11.2954
703.707,11.7162
704.302,12.4371
704.76,12.0058
705.333,11.2504
705.404,11.2427
706.19,11.9644
708.396,9.83223
708.864,9.42804
709.202,9.80067
710.039,12.3056
710.911,13.156
711.319,12.616
711.995,11.3256
712.848,10.6911
713.064,10.6613
713.597,10.7468
714.673,9.99044
715.147,9.54905
715.43,9.87681
715.92,11.2069
716.039,11.2996
716.592,10.7289
716.886,11.107
717.299,11.9744
717.418,12.0319
718.207,11.3457
718.64,10.9456
719.599,11.4507
720.121,12.5584
720.163,12.5772
720.458,12.1212
720.911,10.6909
721.094,10.4936
721.41,10.9573
721.832,11.8238
721.894,11.8458
722.679,11.0489
722.726,11.0439
723.845,11.598
725.576,10.4199
725.605,10.4192
726.31,10.6899
726.749,10.349
727.263,9.76522
727.907,10.2546
728.232,9.96005
728.644,9.29098
728.755,9.24327
729.071,9.62057
729.616,10.8503
729.71,10.9132
730.038,10.6144
730.875,8.71133
731.337,8.191
731.377,8.18825
731.578,8.39711
731.748,8.97199
732.053,10.8429
732.57,14.1294
732.692,15.5423
732.839,18.2941
733.002,22.8297
733.308,32.6492
733.46,35.6218
733.565,36.2431
733.695,35.3518
733.905,31.072
734.216,23.3052
734.429,19.5017
734.652,17.0515
734.921,15.3147
735.333,13.6912
735.808,12.8106
736.426,12.1107
737.019,11.1375
737.092,11.1184
737.366,11.403
737.964,12.8462
738.1,12.9137
738.463,12.3869
739.044,11.2022
739.156,11.1429
739.431,11.5357
740.003,13.8806
740.137,14.0369
740.497,13.4224
740.896,12.6906
740.947,12.6807
741.203,13.0889
741.749,15.4524
741.87,15.5982
742.153,14.9271
742.704,12.6002
743.142,11.9012
743.734,11.307
744.572,9.94903
744.675,9.90549
744.903,10.0882
745.225,11.1217
745.647,12.7505
745.839,12.9835
746.229,12.4221
746.664,11.7958
747.158,12.3583
747.564,12.7229
748.053,12.2149
748.763,10.7227
748.959,10.5643
749.288,10.9527
749.888,12.4414
750.026,12.5258
750.797,11.7499
751.219,12.2366
751.714,13.0424
751.764,13.0516
752.205,12.4952
753.145,10.5241
753.376,10.355
753.63,10.6772
753.895,11.8297
754.287,13.9361
754.466,14.2638
754.686,13.9188
755.311,11.6755
755.802,10.8751
756.168,10.7162
756.781,10.858
757.232,10.5503
757.958,9.2115
758.012,9.18628
758.208,9.41428
758.357,10.0303
758.61,11.9138
758.906,14.2491
759.127,14.9411
759.431,14.4136
759.856,13.5711
760.383,12.8983
760.942,11.4324
761.008,11.3834
761.222,11.6832
761.539,13.2923
761.811,14.5689
761.918,14.7287
762.204,14.1633
762.676,12.5905
763.916,11.2081
764.45,10.5471
764.664,10.5059
766.058,12.0343
766.677,13.6223
766.809,13.721
767.204,13.1127
767.677,11.9998
767.961,11.8095
768.659,12.0861
769.232,11.7025
770.191,10.3821
770.313,10.3372
770.753,10.7322
771.244,11.2896
771.295,11.2921
771.981,10.7691
772.257,11.0697
772.803,12.6096
772.952,12.7214
773.349,12.1031
774.113,10.5328
774.754,9.79102
774.837,9.77555
775.478,10.2816
776.054,10.742
776.461,10.3212
777.321,8.64289
777.465,8.51907
777.655,8.71394
777.794,9.27905
777.967,10.5664
778.414,15.0742
778.628,16.1695
778.721,16.3103
779.086,16.113
779.562,16.5913
779.865,16.1093
780.266,15.1126
780.345,15.0883
780.712,15.3157
781.04,14.7361
781.654,12.6532
782.046,12.2347
782.512,12.3914
783.013,11.9889
783.844,10.6848
784.063,10.6083
784.697,11.1468
785.145,12.2323
785.647,13.8273
785.904,14.0929
786.292,13.6365
786.856,12.571
787.204,12.3708
787.644,12.4473
788.518,11.7768
789.386,10.6097
789.448,10.5945
789.831,10.9945
790.591,12.3127
790.934,12.5187
791.512,11.9164
792.109,11.2571
792.257,11.2276
792.943,11.5068
794.14,10.5828
794.656,9.82742
794.764,9.7774
795.051,10.1093
795.729,12.3749
796.119,12.8108
796.812,12.5355
796.997,12.5439
798.335,11.7546
799.095,10.9509
800.365,10.2024
800.635,10.5243
800.922,11.7579
801.293,13.709
801.57,14.2369
802.122,13.4907
802.702,12.1676
802.811,12.1029
803.054,12.5762
803.591,15.056
803.744,15.2521
804.078,14.5597
804.819,11.9751
805.126,11.5505
805.402,11.9376
805.982,13.7847
806.267,13.9966
806.849,13.9039
807.232,13.9339
807.892,13.3981
809.495,11.6889
809.718,11.6357
810.494,12.1035
811.104,11.5252
811.631,11.0389
812.923,11.8748
813.022,11.8824
814.044,11.2831
815.502,12.041
815.913,12.3401
816.493,11.7663
817.285,10.7518
817.338,10.7415
817.856,11.2744
818.575,11.9843
819.17,13.613
819.28,13.6929
819.725,13.0565
821.138,11.1545
821.269,11.1493
821.638,11.8099
822.069,12.7647
822.199,12.8306
822.939,12.1896
823.744,13.1147
824.982,11.9885
825.5,11.8732
825.961,11.9117
827.653,11.1322
828.88,11.539
829.521,11.3059
830.27,11.7947
831.768,10.7895
832.189,11.2094
832.64,11.8908
832.687,11.9025
833.197,11.3175
833.75,10.7386
834.46,10.6705
834.845,10.6874
836.254,10.1517
836.537,10.4837
837.199,12.5095
837.495,12.7264
837.846,12.6888
838.279,12.7643
838.673,12.4344
839.339,11.0684
839.435,11.0279
839.699,11.401
840.284,13.6516
840.396,13.7812
840.615,13.4588
841.176,11.2624
841.476,10.7824
841.832,11.2292
842.248,11.8379
842.9,11.3185
843.491,11.6455
843.99,11.1258
844.639,10.1827
844.787,10.1299
845.277,10.5365
845.83,11.0767
845.846,11.0768
846.351,10.8948
846.762,11.2814
847.607,13.3929
847.835,13.5119
849.136,12.1353
849.96,11.1544
850.36,11.0331
851.439,11.5955
852.31,10.8376
852.678,11.316
853.149,12.1564
853.227,12.1786
853.755,11.5436
854.342,10.8124
854.453,10.799
855.19,11.2952
856.259,10.4199
856.35,10.4123
856.847,10.4926
858.279,9.89444
859.073,9.58324
860.512,8.82476
860.7,8.93002
860.887,9.43325
861.105,10.665
861.518,13.6054
861.687,14.1973
861.761,14.2711
862.316,13.3789
862.604,13.9569
862.973,15.0395
863.042,15.0674
863.22,14.7836
863.947,11.5622
864.244,10.842
864.32,10.7821
864.568,11.0094
865.1,12.4941
865.219,12.5703
865.771,11.9706
866.3,12.4939
866.609,12.0783
867.073,10.8227
867.153,10.7851
867.286,10.9584
867.51,11.9524
868.029,15.4976
868.29,16.2173
868.376,16.2479
869.208,15.0389
870.167,12.6823
870.831,11.9465
870.975,11.9249
871.729,12.071
872.692,11.8229
874.521,10.472
875.077,10.9207
875.928,12.3007
876.049,12.3574
876.531,11.921
877.232,11.0436
878.421,10.3826
880.477,11.764
880.526,11.766
880.979,11.7033
881.339,11.7441
881.867,11.3417
882.553,10.5764
882.672,10.5548
883.213,10.925
883.721,12.2002
884.221,13.4192
884.433,13.5447
885.208,13.1553
885.293,13.1565
885.819,12.7597
886.423,11.9026
886.558,11.8735
887.052,11.9913
888.74,11.1354
889.884,10.7507
892.006,10.0317
892.091,10.0253
892.698,10.4679
893.008,10.6707
894.308,9.55519
895.258,8.43816
895.294,8.43346
895.589,8.69385
896.935,11.8846
897.406,12.8989
897.539,12.9722
898.273,12.2783
898.778,12.511
899.443,12.0219
900.015,12.4429
900.623,12.035
901.34,13.075
901.709,12.5253
902.195,11.4895
902.326,11.4196
902.633,11.8506
903.16,13.4728
903.31,13.5943
903.723,12.9003
904.244,11.9479
905.408,10.9605
905.768,11.3693
906.335,12.7176
906.45,12.7909
907.052,12.1277
907.928,10.8928
907.991,10.8785
908.299,11.2022
908.91,12.7846
909.06,12.8707
909.431,12.2811
909.92,11.2163
910.068,11.1385
910.385,11.5441
910.917,12.8676
911.076,12.9533
911.449,12.4253
912.12,11.196
913.734,9.70123
913.816,9.69614
914.409,10.0082
914.747,9.6985
915.148,9.12339
915.32,9.35439
915.493,10.1974
915.681,11.8852
916.113,16.8661
916.275,17.9633
916.425,18.2376
916.651,17.4761
917.108,14.5304
917.419,13.4112
918.206,12.6487
919.17,10.8547
919.431,10.638
919.712,10.8702
920.364,12.8029
920.493,12.9006
920.883,12.2693
921.82,10.0709
922.165,9.65248
922.373,9.89069
922.623,10.9321
923.116,14.0005
923.322,14.4876
923.572,14.0778
923.998,12.7775
924.075,12.7214
924.344,13.212
924.832,15.1303
925.024,15.3087
925.383,14.4904
925.935,12.9061
927.081,11.7772
927.732,10.9383
927.817,10.9238
928.247,11.3717
928.576,12.303
928.837,13.8609
929.086,16.4566
929.425,20.32
929.613,21.1684
929.632,21.1721
929.796,20.5743
930.066,17.8461
930.375,14.3578
930.57,12.7998
930.803,11.7735
930.919,11.6155
931.108,11.9627
931.253,12.824
931.457,14.8884
931.836,19.5139
932.03,20.6566
932.085,20.718
932.27,20.1159
932.924,14.5204
933.213,13.0051
933.535,11.9849
933.855,11.4673
933.968,11.4357
934.316,11.9092
934.961,13.3806
935.239,13.5416
935.964,12.862
937.121,11.657
938.416,10.9672
940.092,10.2984
941.021,10.134
941.248,10.2998
941.522,11.0941
942.091,13.8567
942.364,14.2957
942.705,13.7033
943.548,11.3427
943.941,10.843
944.177,11.0558
944.852,13.0855
945.007,13.2038
945.344,12.6864
946.029,11.0756
946.617,10.532
946.973,10.8579
947.775,12.8307
947.949,12.9429
948.856,12.0604
948.897,12.0597
949.413,12.1785
950.145,11.7783
950.868,10.9768
950.898,10.9748
951.315,11.4022
951.894,12.4375
952.08,12.4899
952.848,12.1537
952.963,12.155
953.836,11.9755
954.025,11.9802
954.62,11.6273
955.626,10.4399
956.359,9.9123
956.702,10.285
957.451,12.4495
957.653,12.6328
958.093,12.1634
958.8,11.1856
959.219,11.0126
960.391,11.5796
960.602,12.185
961.183,15.303
961.381,15.6436
961.692,15.0133
962.176,13.7814
962.882,12.7785
963.462,11.8839
964.386,11.3565
964.776,11.1373
965.283,11.8016
965.647,12.1638
966.253,11.4201
966.898,10.9196
967.001,10.9105
967.959,11.392
968.465,11.2243
968.82,11.5517
969.398,12.7522
969.539,12.8088
970.898,11.4051
971.722,11.1806
972.512,11.4688
972.943,11.4215
973.335,11.4748
973.864,11.0904
974.22,10.8128
974.729,11.3355
975.171,11.6894
976.107,11.3856
977.104,10.031
977.227,9.98773
977.498,10.2361
977.855,11.4437
978.246,12.9271
978.43,13.1778
978.786,12.7206
979.278,11.5985
979.621,11.3675
980.352,11.877
980.867,12.3531
981.864,11.4908
982.913,10.9725
983.485,11.3687
984.044,11.9563
984.091,11.9609
984.445,11.8875
984.906,12.3704
985.329,12.8826
985.828,12.2179
986.289,11.7503
987.224,12.2834
988.243,11.5945
989.15,11.0999
990.004,10.7612
990.357,11.1563
990.953,12.9146
991.083,13.0125
991.328,12.712
992.007,10.9757
992.315,10.7432
992.755,11.2066
993.391,12.329
993.552,12.3861
996.441,9.93124
997.035,9.76845
997.318,9.92824
997.583,10.5841
998.129,12.7907
998.318,13.0174
998.572,12.6002
999.202,10.6168
999.877,9.50209
1000.09,9.34248
1000.32,9.48118
1000.59,10.2496
1001.26,13.6585
1001.56,14.1779
1002.02,13.4917
1003.55,10.4491
1004.22,9.68317
1004.42,9.63039
1004.8,9.97165
1005.14,11.041
1005.63,13.0766
1005.88,13.3936
1006.53,12.6187
1006.73,12.848
1006.98,13.9023
1007.44,16.586
1007.63,16.9286
1007.92,16.2909
1008.68,13.5525
1009.65,10.8928
1010.1,10.2205
1010.15,10.2121
1010.39,10.533
1010.62,11.625
1011.21,16.2495
1011.41,16.8787
1011.62,16.4343
1012.28,12.587
1012.73,11.1733
1013.19,10.3925
1013.32,10.3429
1013.58,10.7492
1013.78,11.791
1014.01,13.8877
1014.46,19.0845
1014.65,20.1766
1014.71,20.2453
1014.91,19.6352
1015.49,15.127
1015.83,13.6645
1016.71,11.8721
1016.9,11.7233
1017.09,11.8681
1017.37,12.868
1017.85,15.2834
1018.02,15.5459
1018.26,15.0502
1018.88,12.0833
1019.17,11.3915
1019.31,11.3222
1019.79,11.9306
1020.27,12.4142
1020.81,12.2429
1021.32,12.3643
1022.11,11.9488
1022.78,12.2521
1023.29,11.7929
1024.13,10.4722
1024.28,10.4227
1024.62,10.8233
1025.32,12.9097
1025.8,13.3311
1026.84,12.5255
1027.91,11.554
1027.98,11.5484
1028.57,11.6829
1029.26,11.238
1029.96,10.5695
1030.0,10.569
1030.44,11.0583
1030.85,11.6844
1030.95,11.7282
1031.41,11.2618
1032.21,9.82686
1032.35,9.75638
1032.65,10.125
1033.03,11.61
1033.39,13.1798
1033.74,13.7394
1033.76,13.741
1034.26,13.1071
1034.84,12.058
1036.03,11.4648
1036.2,11.4356
1036.98,11.6973
1037.78,11.1017
1038.82,10.354
1039.55,10.1854
1039.98,10.5293
1040.63,11.7558
1040.75,11.7974
1041.23,11.1967
1041.98,10.0466
1042.67,9.59534
1043.15,9.9503
1043.86,10.902
1044.49,11.1674
1045.23,12.834
1045.35,12.911
1045.8,12.3739
1046.56,11.2319
1048.38,10.1605
1048.87,9.81678
1049.27,10.1799
1049.85,11.0549
1050.01,11.1038
1051.49,10.5069
1052.08,10.1578
1052.72,9.13933
1053.01,8.95926
1053.35,9.32749
1053.66,10.3876
1054.3,13.7099
1054.58,14.2243
1054.94,13.5173
1055.43,12.1045
1055.75,11.8011
1056.54,12.4401
1057.17,11.884
1057.92,11.2335
1058.7,10.8961
1059.46,10.0381
1059.58,10.0062
1060.14,10.1721
1060.82,9.68069
1061.05,9.94832
1061.25,10.8485
1061.49,12.8214
1061.89,16.6575
1062.1,17.6536
1062.16,17.7116
1062.4,16.9467
1063.0,12.623
1063.32,11.3853
1063.64,11.051
1064.56,11.5023
1065.39,11.1213
1066.71,9.3469
1066.86,9.30106
1067.26,9.67819
1067.61,10.6507
1067.99,12.5797
1068.4,14.7284
1068.64,15.1393
1068.97,14.5224
1069.74,12.05
1070.44,10.6672
1070.81,10.4162
1071.7,11.0508
1072.27,10.5581
1073.31,9.31992
1073.91,9.03432
1074.35,9.37958
1074.77,9.83483
1074.82,9.83609
1075.29,9.49582
1075.49,9.78841
1075.65,10.6159
1075.79,11.942
1076.08,15.7198
1076.34,19.0477
1076.52,20.1279
1076.56,20.1949
1076.75,19.6736
1077.21,16.1982
1077.4,15.7574
1077.62,16.4339
1078.05,18.9839
1078.2,19.2821
1078.42,18.7593
1079.11,14.3122
1079.46,13.079
1080.07,12.461
1081.24,10.9881
1081.56,10.8988
1082.72,11.2984
1083.67,11.9872
1084.07,13.1686
1084.65,15.5263
1084.85,15.7651
1085.1,15.4071
1085.88,12.8621
1086.43,12.1958
1087.37,11.9666
1089.12,10.6932
1089.83,11.1888
1090.49,11.5121
1091.47,11.1465
1092.39,10.1761
1092.44,10.1707
1092.76,10.5301
1093.5,12.9878
1093.69,13.1768
1094.08,12.6202
1094.72,11.2359
1095.1,10.9721
1095.6,11.4897
1096.07,12.0492
1096.43,11.6548
1097.03,10.5619
1097.16,10.5156
1098.0,11.2377
1098.59,11.1211
1099.41,11.7872
1099.77,12.7152
1100.36,15.2354
1100.5,15.4277
1100.77,15.0029
1101.36,13.1984
1102.4,11.4984
1102.47,11.4868
1102.81,12.0332
1103.39,13.6238
1104.39,14.6312
1104.84,14.1156
1105.73,12.2213
1106.38,11.6462
1106.46,11.6363
1107.63,12.0007
1108.33,12.8523
1108.37,12.8539
1109.18,11.9836
1109.83,11.4995
1111.08,12.2592
1112.31,11.547
1112.95,11.2278
1113.88,11.7792
1114.35,11.382
1115.04,10.3872
1115.13,10.3592
1115.48,10.717
1116.2,12.7633
1116.39,12.8859
1116.78,12.3244
1117.48,10.8167
1117.81,10.5825
1118.23,10.9678
1118.91,12.0526
1119.1,12.1217
1120.8,11.1473
1121.68,10.2193
1121.88,10.1709
1122.6,10.6478
1123.39,11.6545
1123.89,12.2759
1123.93,12.2808
1125.03,11.4785
1126.85,10.9498
1127.42,10.4953
1127.8,10.8981
1128.43,12.4227
1128.58,12.5108
1129.01,11.9031
1129.61,10.7421
1130.59,9.88836
1131.27,8.96085
1131.33,8.94617
1131.6,9.25719
1131.81,10.1078
1132.11,12.1357
1132.47,14.8129
1132.71,15.667
1132.81,15.7146
1133.08,15.0833
1133.66,12.8521
1134.11,12.282
1134.85,11.8316
1135.76,10.8799
1136.02,10.8271
1136.86,11.1345
1137.63,10.5721
1138.22,10.2131
1138.69,10.6249
1139.48,12.1778
1139.79,12.3451
1140.46,11.6634
1141.21,10.9387
1141.85,10.3363
1142.22,9.89128
1142.45,10.1543
1142.66,11.1468
1142.88,13.0426
1143.32,17.8247
1143.55,18.9984
1143.61,19.0691
1143.86,18.3719
1144.54,14.0113
1145.01,12.0688
1145.49,10.889
1145.76,10.6658
1146.06,11.0527
1146.37,12.3738
1146.85,15.0834
1147.12,15.6958
1147.16,15.7017
1147.53,14.9404
1148.18,12.9529
1149.06,11.7631
1149.48,11.5661
1150.24,11.7579
1151.13,11.1681
1152.24,10.0748
1152.38,10.0502
1153.45,10.5307
1154.28,12.0955
1154.35,12.1222
1154.73,11.7077
1155.39,10.6269
1156.79,9.87775
1157.92,9.19623
1158.66,8.06617
1158.75,8.03903
1158.93,8.21015
1159.19,9.04056
1159.8,12.1441
1160.09,12.6944
1160.42,12.1878
1160.85,10.9295
1161.04,10.7036
1161.37,11.0394
1161.87,11.9125
1161.97,11.9395
1162.54,11.5193
1162.82,11.7412
1163.28,13.3095
1163.58,14.0956
1163.68,14.1411
1163.99,13.5272
1164.48,11.8948
1164.67,11.7223
1165.0,12.2326
1165.55,13.5746
1166.85,14.6469
1167.17,14.6059
1167.89,15.0049
1168.31,14.391
1169.16,11.7856
1169.41,11.4835
1169.67,11.7206
1170.09,13.2608
1170.42,14.3119
1170.53,14.4033
1170.88,13.811
1171.28,12.7247
1171.49,12.6007
1171.88,13.3998
1172.34,14.5349
1172.47,14.5989
1172.92,13.9301
1173.5,12.8061
1173.77,12.7014
1174.17,12.7936
1175.14,12.2164
1175.92,12.7971
1176.64,13.5829
1176.73,13.5927
1177.98,12.4675
1178.07,12.4571
1178.47,12.4989
1179.02,12.14
1179.82,11.242
1179.99,11.2053
1181.02,11.6513
1181.79,11.0876
1182.37,10.6714
1182.88,11.0817
1183.72,12.3022
1184.29,13.0185
1184.86,14.2014
1184.95,14.2313
1185.35,13.5994
1186.04,11.7777
1186.52,11.2378
1186.59,11.2287
1187.25,11.7728
1188.12,12.6398
1188.29,12.6641
1189.86,12.2378
1190.53,12.4176
1191.14,11.9145
1191.89,10.9789
1192.02,10.9511
1192.48,11.4404
1193.02,12.2762
1193.14,12.3085
1193.69,12.1237
1194.38,12.4797
1194.9,11.9684
1195.67,11.0652
1196.78,10.7547
1197.4,10.6812
1198.23,10.8855
1199.22,10.2964
1199.59,10.6401
1199.96,11.6998
1200.28,13.357
1200.95,18.858
1201.19,19.5705
1201.41,19.038
1202.13,14.7698
1202.56,13.2295
1203.15,12.2563
1204.3,11.6406
1204.94,11.9427
1205.24,12.7241
1205.51,14.4122
1206.03,18.8757
1206.26,19.628
1206.51,18.8455
1207.05,15.0821
1207.33,14.2089
1207.51,14.0914
1207.84,14.1805
1208.34,13.6766
1209.23,12.2039
1211.75,10.1303
1212.06,10.0791
1212.35,10.0869
1212.66,10.0744
1213.23,10.3764
1213.81,11.5474
1214.53,13.6244
1214.78,13.8864
1216.03,12.7942
1217.09,12.4925
1219.03,10.6816
1219.2,10.6476
1219.68,11.0275
1220.44,12.4858
1220.57,12.5436
1221.1,11.9632
1221.83,11.0573
1223.45,10.46
1223.86,10.8352
1224.43,12.5878
1224.81,13.4677
1224.97,13.5619
1225.86,12.8313
1226.57,13.1845
1227.12,12.5957
1228.15,10.8247
1228.67,10.5097
1229.12,10.8626
1229.97,12.6392
1230.25,12.781
1231.24,12.2301
1232.03,11.2408
1232.17,11.2091
1233.26,11.9011
1234.72,11.433
1235.15,11.8001
1235.87,13.4272
1235.99,13.4871
1236.51,12.8249
1236.93,12.4259
1237.5,12.6555
1237.98,12.1358
1238.59,10.9804
1238.67,10.9212
1238.95,11.1421
1239.31,12.4107
1239.74,14.0869
1239.94,14.3387
1240.31,13.7611
1241.01,11.9243
1241.54,11.322
1241.74,11.2753
1243.21,12.3978
1243.83,13.103
1244.28,12.6234
1244.93,11.6855
1246.5,11.2594
1248.29,12.0173
1248.75,12.2402
1249.49,12.0407
1249.99,12.1118
1250.74,11.607
1251.33,11.2337
1252.24,11.6835
1252.64,11.6113
1253.06,11.8824
1253.71,12.8426
1253.8,12.8673
1255.37,11.5509
1255.49,11.5409
1256.08,11.6426
1256.51,11.5928
1257.29,11.7837
1257.98,11.6173
1258.81,11.9315
1260.51,11.0468
1261.58,10.8095
1262.8,11.333
1263.62,12.3482
1263.79,12.3839
1266.56,10.4468
1266.72,10.428
1267.75,10.56
1268.72,10.3866
1270.11,10.7313
1270.77,10.402
1271.66,9.31447
1271.73,9.29821
1272.03,9.60444
1272.27,10.4519
1272.59,12.5463
1272.99,15.3257
1273.21,16.033
1273.26,16.0719
1273.55,15.5593
1274.13,13.6553
1274.59,13.207
1274.65,13.2033
1275.4,13.4513
1276.0,12.8854
1277.25,11.0955
1277.68,10.7991
1278.24,11.2196
1278.85,11.7503
1279.68,11.166
1280.01,11.6245
1280.7,14.1345
1280.89,14.3828
1281.22,13.9847
1282.1,11.8212
1282.63,11.2471
1282.73,11.232
1283.33,11.7125
1284.22,13.038
1284.35,13.0701
1285.04,12.4071
1286.15,11.3425
1286.98,11.1135
1287.87,11.3182
1288.63,10.8189
1289.68,10.0875
1289.69,10.0872
1290.14,10.4515
1290.86,11.8644
1291.06,11.9549
1291.85,11.594
1292.35,11.6662
1293.58,11.0445
1294.69,10.2784
1295.48,9.99699
1296.03,10.3191
1296.47,11.259
1297.07,12.9282
1297.3,13.0767
1298.1,12.222
1298.51,12.7124
1299.06,13.7007
1299.16,13.721
1299.67,13.0218
1300.19,12.2508
1300.35,12.2065
1301.02,12.3557
1301.81,11.868
1302.75,10.7594
1302.94,10.6964
1303.88,11.235
1304.72,10.7577
1305.15,11.1884
1305.72,12.1518
1305.98,12.2651
1307.19,11.4367
1307.53,11.8866
1308.29,14.7268
1308.48,14.971
1308.87,14.4133
1309.68,12.4953
1310.62,11.3791
1311.02,11.2283
1311.58,11.6421
1312.16,12.2731
1312.21,12.2781
1312.91,11.6006
1313.97,10.7992
1314.44,10.6945
1315.39,10.9663
1316.31,10.4685
1316.65,10.7472
1317.37,12.412
1317.51,12.4986
1317.95,11.9582
1318.47,10.9763
1318.83,10.7788
1319.28,10.8641
1319.87,10.4183
1320.25,10.1023
1320.6,10.3985
1321.23,11.788
1321.45,11.9308
1321.92,11.3491
1322.4,10.6554
1322.47,10.6343
1322.92,11.0744
1323.52,11.9061
1323.67,11.9416
1324.86,11.3083
1325.44,10.9087
1326.06,11.3754
1326.53,11.7326
1327.15,11.1864
1327.96,10.4058
1328.27,10.3353
1328.92,10.757
1330.1,12.7822
1330.25,12.8297
1330.77,12.2341
1331.55,10.7478
1331.76,10.6329
1332.35,11.1661
1332.77,11.4457
1333.3,11.3
1334.19,11.8784
1334.74,11.3555
1335.49,10.6292
1335.73,10.5681
1336.09,10.8931
1336.38,11.9499
1336.83,14.9924
1337.14,16.7161
1337.31,16.977
1337.58,16.3315
1338.17,13.2609
1338.48,12.5943
1338.62,12.5453
1339.02,12.6581
1339.61,12.1262
1341.21,10.1101
1341.75,9.77586
1342.47,10.2678
1343.55,11.6228
1343.65,11.6387
1344.61,11.0668
1346.15,12.0595
1346.87,13.2159
1346.95,13.2269
1348.07,12.063
1348.88,11.1391
1349.26,10.804
1349.57,11.1299
1349.84,12.1886
1350.23,14.8728
1350.59,17.2336
1350.84,17.8213
1351.08,17.44
1351.86,14.1717
1352.48,12.9113
1353.97,11.2449
1354.79,10.9439
1355.44,11.4527
1355.89,11.8037
1356.54,11.2994
1357.55,10.563
1357.91,10.4798
1358.63,10.9418
1359.02,11.1611
1359.49,11.0581
1359.87,11.3858
1360.76,13.4538
1361.03,13.6336
1361.68,12.9927
1362.33,12.3208
1362.4,12.3147
1363.25,12.5508
1364.98,12.2156
1366.22,11.0162
1366.68,10.9057
1367.5,11.3508
1367.99,11.5944
1369.71,10.6917
1370.72,10.5928
1371.13,10.8898
1371.46,11.8923
1372.06,14.5786
1372.38,15.1627
1372.44,15.1773
1373.11,14.4388
1374.31,12.0423
1375.01,11.7193
1375.75,11.43
1377.23,10.2528
1377.33,10.2377
1377.74,10.5934
1378.49,12.3131
1378.7,12.4148
1379.16,11.7507
1379.76,10.5422
1380.02,10.4034
1380.49,10.9267
1381.04,11.6388
1381.12,11.6562
1381.41,11.6265
1381.85,11.9892
1382.46,13.2393
1382.62,13.3087
1383.16,12.5367
1383.78,11.8267
1384.55,11.0995
1385.32,10.2362
1385.49,10.1941
1386.18,10.6857
1387.07,11.6714
1387.75,13.0911
1388.06,13.2472
1389.72,12.6323
1390.31,13.1199
1390.69,13.4479
1391.21,12.8537
1391.96,11.6841
1392.94,11.2358
1394.27,11.7256
1394.88,11.6206
1395.82,11.9009
1396.43,11.7665
1397.48,12.3579
1398.91,11.3224
1400.17,10.8866
1401.35,11.3205
1402.01,10.871
1402.65,10.3186
1403.09,10.7185
1403.76,11.8439
1403.93,11.8996
1404.57,11.2042
1405.33,10.3448
1405.49,10.3046
1405.94,10.6761
1406.72,12.2215
1406.95,12.3597
1407.84,11.6692
1408.99,10.6339
1409.23,10.5928
1409.9,11.0058
1410.57,12.4299
1410.97,13.0389
1411.0,13.0468
1411.47,12.5143
1412.31,11.1219
1413.42,10.3527
1414.34,9.85332
1414.76,10.2129
1415.49,11.6431
1415.67,11.7245
1416.24,11.1631
1417.21,9.71782
1417.4,9.64198
1417.75,9.98478
1418.15,11.2375
1418.62,12.7821
1418.83,13.0035
1419.22,12.4894
1419.82,11.0415
1419.97,10.9248
1420.17,11.1449
1420.4,12.0073
1420.69,14.0831
1421.09,17.148
1421.34,17.8848
1421.63,17.2135
1422.3,13.2307
1422.53,12.4828
1422.66,12.3696
1422.92,12.8769
1423.35,15.2756
1423.67,16.6588
1423.79,16.775
1424.07,16.1111
1424.73,12.5882
1425.04,11.8143
1425.19,11.7333
1425.81,12.0148
1426.8,11.3408
1427.38,11.4642
1427.87,11.0706
1428.66,9.52617
1428.8,9.43604
1429.05,9.75491
1429.26,10.7025
1429.46,12.3894
1429.72,15.4944
1430.11,20.3659
1430.33,22.0034
1430.48,22.2865
1430.75,21.3987
1431.43,16.9261
1431.92,15.1946
1432.5,14.3316
1432.72,14.2765
1434.12,14.9072
1434.73,14.332
1435.41,13.2795
1435.6,13.2357
1436.36,13.6221
1437.22,12.8796
1438.17,12.1595
1439.22,11.998
1439.33,11.9982
1440.4,11.6109
1441.98,10.9443
1442.73,11.1014
1443.43,10.6963
1444.18,9.88735
1444.24,9.87023
1444.64,10.1992
1445.11,11.545
1445.61,12.9039
1445.86,13.0807
1446.83,12.3793
1447.27,12.4357
1447.86,12.0354
1448.65,10.9758
1448.77,10.9512
1449.38,11.5561
1449.95,11.9648
1450.99,11.7054
1451.54,12.0757
1452.36,13.6784
1452.57,13.7625
1453.66,12.9423
1454.67,12.4287
1455.73,11.7105
1455.81,11.7058
1456.52,11.8103
1458.62,11.3265
1459.11,11.7506
1459.78,12.9427
1459.95,13.0078
1461.62,12.0683
1462.61,11.406
1463.1,11.2621
1464.36,11.9994
1464.65,12.8043
1464.96,14.6809
1465.44,18.1204
1465.72,18.8194
1466.02,17.9793
1466.56,15.1354
1466.82,14.3166
1467.02,14.1194
1467.79,14.8637
1468.26,14.2549
1468.81,13.2334
1469.01,13.1632
1469.62,13.4305
1470.84,12.4779
1470.91,12.475
1471.26,12.4963
1471.99,12.3462
1472.94,12.7137
1475.39,11.7947
1476.58,11.274
1476.6,11.2738
1477.06,11.2985
1477.91,10.883
1478.4,10.5767
1478.73,10.8467
1479.24,12.2515
1479.75,13.7068
1480.13,14.0679
1480.68,13.4676
1481.67,11.7415
1482.17,11.418
1483.27,12.1316
1484.58,11.369
1484.95,11.3585
1485.68,11.6195
1486.6,12.7925
1486.72,12.8133
1488.28,11.6706
1488.52,11.6539
1488.66,11.6548
1489.89,11.4489
1490.21,11.4555
1492.3,10.835
1493.35,10.3572
1494.01,10.7824
1495.03,11.625
1495.57,11.8056
1497.22,10.9573
1498.44,11.3327
1499.66,11.1184
1500.45,10.8643
1500.74,10.869
1501.11,10.8642
1501.64,10.8924
1502.47,10.6481
1503.02,11.0432
1503.75,11.7214
1504.44,12.4029
1505.0,12.9399
1505.6,12.3032
1506.69,10.6175
1507.02,10.436
1507.45,10.8199
1508.27,12.6652
1508.5,12.7886
1509.19,11.9537
1509.86,11.4407
1510.73,11.1142
1511.08,11.4604
1511.44,12.7853
1511.95,15.0564
1512.22,15.4595
1512.61,14.7941
1513.32,12.672
1513.87,11.8589
1514.28,11.7422
1514.6,11.7527
1517.81,10.9367
1519.18,10.4097
1519.73,10.7511
1520.44,11.5611
1520.52,11.5759
1521.37,11.2616
1521.96,11.3675
1522.72,10.882
1524.06,10.0007
1524.47,10.3531
1525.33,12.3897
1525.61,12.5875
1526.16,12.0011
1526.83,11.0721
1526.98,11.0327
1527.82,11.465
1529.55,10.3981
1529.7,10.3715
1530.43,10.8563
1530.71,10.9945
1531.56,10.4567
1531.97,10.9046
1532.51,12.4883
1533.23,15.3197
1533.48,15.6164
1533.79,15.0975
1534.32,13.5873
1534.45,13.4995
1534.84,14.0436
1535.29,14.7479
1535.69,14.1888
1536.33,12.6931
1537.62,11.7763
1538.17,12.2631
1538.7,12.8544
1538.76,12.8624
1539.5,12.1341
1540.57,10.9842
1540.69,10.9613
1541.13,11.3473
1541.92,12.8802
1542.14,12.9819
1544.98,10.6323
1545.19,10.5968
1546.53,11.0337
1547.22,10.6629
1547.94,9.98765
1548.05,9.97665
1550.29,10.9805
1550.69,11.2892
1550.97,12.3094
1551.37,15.0205
1551.71,17.2479
1551.96,17.8187
1552.24,17.2325
1552.91,14.2735
1553.39,13.419
1555.57,12.1813
1556.99,11.2298
1557.15,11.216
1557.77,11.2839
1558.76,10.8966
1559.23,11.1639
1560.03,12.3882
1560.24,12.4427
1561.59,12.0125
1562.89,10.76
1564.06,10.3315
1564.63,10.3822
1565.74,9.85323
1566.63,9.30492
1566.99,9.64703
1567.3,10.6752
1568.07,15.0041
1568.33,15.6424
1568.44,15.6728
1568.89,14.7315
1569.62,12.8134
1570.32,11.8749
1570.48,11.8301
1571.41,12.5152
1571.98,11.9672
1572.7,10.9845
1572.98,10.8518
1573.64,11.3215
1574.22,11.6561
1574.66,11.6072
1575.47,11.8635
1576.94,11.0208
1578.15,10.3923
1578.69,10.8235
1579.44,11.8262
1580.91,12.4296
1581.97,13.5121
1582.03,13.5134
1583.28,12.3433
1584.4,11.2865
1586.03,10.3206
1586.23,10.3058
1586.94,10.3857
1587.84,10.1645
1588.67,10.5932
1589.18,11.4529
1589.87,13.2577
1590.14,13.4865
1590.67,12.8721
1591.82,10.7222
1592.52,9.89748
1592.77,9.84373
1593.35,10.3958
1595.27,13.5303
1596.59,14.2154
1597.11,13.7261
1597.95,12.2296
1598.38,12.0366
1599.13,12.1625
1601.3,11.3112
1602.81,9.87971
1602.99,9.83195
1603.37,10.1787
1603.7,11.2548
1604.42,14.7189
1604.8,15.4897
1604.87,15.5102
1605.74,14.718
1606.24,15.6706
1606.64,16.3121
1606.98,15.7317
1607.76,12.7775
1608.23,12.0536
1608.43,11.9962
1609.62,12.5617
1611.22,11.5824
1611.74,11.2773
1612.31,11.7166
1612.89,12.308
1612.95,12.3134
1613.59,11.6996
1614.42,10.8149
1615.02,10.6465
1616.93,11.3263
1617.09,11.333
1617.94,10.9569
1618.67,10.5711
1619.32,10.7038
1620.22,10.4324
1621.96,10.9654
1622.93,11.5969
1622.97,11.5992
1623.81,11.1515
1625.42,9.92177
1625.47,9.91602
1626.29,10.1828
1626.88,10.0261
1627.23,10.3269
1627.67,11.6108
1628.16,13.1771
1628.56,13.601
1629.96,12.3542
1630.07,12.3397
1630.98,12.6758
1631.62,12.1299
1632.53,11.0699
1632.85,10.9567
1633.39,11.3792
1634.15,12.2222
1634.61,12.2859
1635.5,11.9745
1636.65,11.1705
1636.86,11.1497
1637.88,11.6188
1638.7,11.0753
1639.13,10.8515
1640.65,11.3402
1641.07,11.3548
1642.08,10.9824
1642.98,10.2323
1643.37,10.5796
1644.1,12.0683
1644.32,12.178
1644.85,11.5301
1645.57,10.3733
1645.73,10.3048
1646.04,10.5924
1646.39,11.7113
1646.92,13.8402
1647.27,14.3124
1648.76,13.0227
1649.44,12.0654
1649.8,11.9409
1650.23,11.9742
1652.44,11.091
1653.26,10.8345
1653.97,10.3948
1654.57,10.7879
1655.12,11.9316
1655.89,14.2741
1656.16,14.5425
1656.67,13.8696
1657.5,12.3659
1658.86,10.945
1659.1,10.8768
1659.83,11.0035
1662.51,9.8734
1662.6,9.86467
1662.87,9.99125
1663.26,10.7724
1663.89,12.5803
1664.13,12.7747
1664.64,12.1184
1665.15,11.4734
1665.18,11.4704
1665.58,11.8675
1666.35,13.347
1666.59,13.4533
1667.22,12.8277
1668.23,11.2353
1669.58,10.2297
1669.64,10.2226
1670.65,10.6108
1671.16,10.5551
1672.09,11.0277
1672.81,12.2043
1673.32,12.9048
1673.4,12.9209
1674.0,12.6384
1674.38,13.0887
1675.18,15.8925
1675.34,16.0503
1675.7,15.4485
1676.54,12.4927
1677.31,11.063
1678.3,10.0051
1678.53,9.9399
1678.95,10.2341
1679.75,11.7919
1680.01,11.9352
1681.0,11.1091
1681.93,11.708
1682.95,11.0539
1683.54,11.4747
1684.46,12.9507
1685.19,14.224
1685.38,14.2782
1686.09,13.4663
1687.12,11.8465
1688.59,11.3305
1688.86,11.5138
1689.14,12.2563
1689.87,15.6146
1690.16,16.1117
1690.6,15.448
1691.52,13.0436
1692.2,12.3392
1693.28,11.6008
1693.93,11.2045
1695.17,12.0114
1695.27,12.0135
1696.51,11.6103
1697.46,11.0916
1698.44,10.7496
1698.84,11.0857
1699.84,13.3204
1700.11,13.5
1701.15,12.7773
1702.79,13.2996
1703.6,14.1941
1704.12,13.6611
1704.86,12.6033
1706.23,12.1262
1706.62,12.1402
1707.86,11.6254
1708.49,11.3662
1709.8,12.0086
1710.79,11.5074
1711.45,11.2294
1711.93,11.271
1712.85,10.9753
1713.42,11.3687
1714.12,12.0356
1714.17,12.0387
1716.48,10.6609
1717.02,10.9684
1717.73,11.8719
1717.84,11.8932
1718.51,11.2714
1719.19,10.7702
1719.24,10.7677
1720.44,11.313
1721.53,10.7346
1722.86,11.4958
1722.96,11.5012
1723.74,11.0909
1724.43,10.3794
1724.61,10.3332
1726.13,11.4669
1726.94,12.734
1727.05,12.7675
1728.17,11.9534
1729.15,11.6378
1730.95,10.9484
1731.58,11.321
1732.28,11.9356
1732.79,11.5755
1733.6,10.6909
1733.77,10.6566
1734.24,10.9822
1735.09,12.3233
1735.27,12.4054
1737.07,11.2597
1737.19,11.2448
1737.69,11.5477
1738.51,12.9703
1738.62,13.007
1739.12,12.404
1739.63,11.7325
1739.75,11.6985
1740.3,12.146
1740.76,13.3801
1741.43,16.0101
1741.66,16.2622
1741.93,15.8169
1742.8,12.5558
1743.33,11.5278
1744.09,10.988
1744.38,10.9655
1745.1,11.2449
1746.1,13.0734
1746.26,13.1336
1746.98,12.4074
1748.22,10.9606
1748.35,10.9309
1748.84,11.352
1749.52,12.2067
1749.65,12.2351
1750.42,11.975
1751.53,12.6503
1752.52,12.2225
1753.16,12.3629
1754.38,11.6528
1755.24,11.9952
1756.37,11.1158
1757.78,10.1543
1757.95,10.1392
1758.36,10.1657
1759.22,9.9681
1759.67,10.285
1760.49,11.3432
1761.5,11.8282
1762.13,12.2546
1762.85,12.1252
1763.46,12.219
1765.14,11.5982
1766.53,11.2774
1768.67,10.2056
1769.84,9.81962
1770.72,9.10196
1770.77,9.09798
1771.26,9.46197
1772.67,11.9267
1772.93,12.0673
1773.51,11.6024
1774.14,11.0681
1774.16,11.0672
1775.11,11.5162
1775.73,11.0574
1776.32,10.5528
1776.74,10.8854
1777.46,12.1741
1777.69,12.2653
1778.73,11.3998
1778.77,11.3978
1780.19,12.2032
1780.7,11.8574
1781.59,10.5935
1781.87,10.5006
1782.76,11.0392
1784.08,12.9419
1784.33,13.0238
1785.06,12.472
1785.94,11.3699
1787.04,10.9986
1787.63,10.6151
1788.04,11.1171
1788.76,12.8752
1789.0,13.0496
1789.54,12.4893
1790.24,11.3171
1790.5,11.1359
1790.98,11.4822
1791.64,12.287
1791.7,12.2932
1792.24,11.7266
1793.23,10.1806
1793.64,9.92864
1794.03,10.3096
1794.51,11.7885
1795.0,13.3549
1795.5,13.8532
1795.53,13.854
1796.95,12.9526
1798.67,11.4537
1798.83,11.4337
1799.9,11.7892
1800.87,11.2402
1801.94,10.5137
1802.0,10.5096
1802.57,10.9057
1803.45,11.9132
1804.21,12.1518
1804.95,11.7039
1806.83,10.4137
1807.16,10.352
1808.04,10.7084
1808.42,11.4784
1808.78,13.0669
1809.35,16.0631
1809.63,16.6
1809.98,15.9433
1810.74,13.1196
1811.33,12.0742
1813.13,10.6619
1814.56,10.0156
1815.04,10.366
1815.91,12.2234
1816.12,12.3669
1816.68,11.8321
1817.51,10.8158
1818.81,9.96768
1819.88,10.4956
1820.78,10.0724
1821.21,10.4543
1822.15,12.6429
1822.65,12.9323
1823.51,12.4449
1824.09,11.9212
1824.46,12.4119
1825.24,14.9903
1825.44,15.1882
1825.84,14.5975
1826.72,12.06
1827.35,11.2022
1827.9,11.0035
1828.75,11.4498
1829.41,11.8015
1830.39,11.4933
1830.99,11.5766
1831.79,11.0691
1832.51,10.6402
1833.07,10.7135
1833.75,10.3212
1834.2,10.0192
1834.57,10.3985
1835.39,12.6463
1835.64,12.854
1836.09,12.2894
1836.71,11.2296
1836.88,11.168
1837.47,11.7484
1837.9,12.0902
1838.3,11.7355
1838.96,10.7134
1839.07,10.6867
1839.42,11.088
1840.3,13.6839
1840.59,13.9384
1841.14,13.2792
1842.02,11.7368
1842.55,11.4872
1842.91,11.5059
1846.5,10.1337
1847.32,10.5356
1848.46,11.9262
1848.62,11.9486
1848.97,11.8893
1849.37,12.2301
1850.21,14.7599
1850.51,15.0345
1850.93,14.4377
1851.67,12.9769
1852.9,12.0272
1853.65,11.4146
1853.78,11.3999
1854.2,11.4337
1854.94,11.039
1855.89,10.2416
1855.98,10.2281
1856.36,10.5264
1856.65,11.4149
1856.93,12.9908
1857.59,17.9076
1857.87,18.8518
1857.93,18.8789
1858.26,18.0195
1858.97,13.9002
1859.36,12.5259
1859.85,11.9307
1861.01,11.5647
1862.08,11.2089
1862.84,11.5257
1863.65,12.3262
1863.71,12.33
1864.36,11.7186
1865.02,11.0693
1865.08,11.0638
1866.22,11.8004
1867.24,11.3623
1868.32,12.0413
1868.82,11.6495
1869.86,9.99982
1870.09,9.88728
1870.36,10.0967
1870.64,10.8368
1871.12,13.1914
1871.49,14.8889
1871.76,15.3046
1872.15,14.6668
1872.85,12.5656
1873.42,11.9791
1874.51,11.6767
1875.33,11.9737
1876.01,11.4987
1876.72,10.8736
1876.78,10.8692
1877.42,11.3378
1878.03,11.8152
1879.26,10.9917
1879.32,10.9895
1879.66,11.0096
1880.74,10.5743
1881.2,10.9123
1882.04,12.4073
1882.2,12.4763
1882.62,12.0715
1883.51,10.4422
1883.72,10.3284
1883.97,10.5444
1884.2,11.2252
1884.53,13.0327
1885.08,16.8753
1885.35,17.6993
1885.43,17.7303
1885.73,17.0449
1886.56,13.1606
1887.1,11.7149
1887.55,11.0909
1887.85,11.0062
1888.85,11.9779
1889.54,13.2073
1890.09,14.3438
1890.27,14.4299
1890.6,14.0931
1891.59,11.9432
1892.27,11.457
1892.33,11.4549
1893.24,12.0415
1893.64,12.2264
1894.28,11.6904
1895.42,10.2502
1895.86,10.05
1896.32,10.4275
1897.19,12.3303
1897.42,12.4736
1898.05,11.8272
1898.72,11.3039
1899.68,10.9299
1900.42,10.5401
1901.26,10.7444
1901.86,10.6003
1902.38,10.8886
1903.18,12.11
1903.36,12.1705
1905.08,10.9395
1905.85,10.2642
1905.89,10.2626
1906.38,10.6725
1907.07,11.5902
1907.21,11.6257
1908.44,11.1539
1909.18,10.8162
1909.81,10.427
1910.59,11.0841
1910.95,11.2503
1911.5,10.7753
1912.36,9.8052
1913.98,9.08504
1914.34,9.38908
1914.71,10.4327
1915.34,12.8093
1915.68,13.2134
1916.42,12.3044
1916.67,12.5931
1917.0,13.9119
1917.54,16.5438
1917.81,16.9752
1918.12,16.4646
1918.92,13.9588
1920.98,10.6739
1921.65,10.0153
1921.69,10.0101
1922.08,10.335
1922.6,11.8205
1923.0,12.8848
1923.19,13.046
1923.64,12.503
1924.07,11.708
1924.28,11.5863
1924.88,12.2024
1925.3,12.5183
1925.97,11.8994
1926.92,11.1238
1928.31,9.9912
1928.38,9.98389
1928.98,10.39
1929.8,11.2247
1930.82,11.4546
1931.31,11.1538
1932.0,10.1993
1932.06,10.1884
1932.36,10.5477
1932.63,11.5867
1933.31,15.3255
1933.59,15.9175
1933.63,15.9186
1933.96,15.2057
1934.64,12.4113
1935.1,11.3496
1935.77,10.881
1935.89,10.8734
1937.17,11.368
1937.54,12.1987
1938.23,14.6155
1938.44,14.856
1938.71,14.5582
1939.32,12.9606
1939.49,12.8335
1939.79,13.3663
1940.15,15.2374
1940.62,17.8717
1940.88,18.3861
1941.21,17.7095
1942.07,13.6393
1942.57,12.3551
1943.06,11.8574
1943.19,11.8483
1945.4,13.7126
1946.09,13.0096
1946.6,12.6411
1947.82,13.2394
1948.42,12.8175
1949.53,11.4209
1950.28,11.0326
1952.15,11.857
1953.06,12.3081
1953.56,12.5227
1954.05,12.4532
1954.92,12.7636
1956.35,11.899
1956.88,11.8206
1957.85,12.1829
1958.39,11.7371
1959.11,10.5988
1959.38,10.4824
1960.08,11.0856
1961.34,12.0135
1961.47,12.0294
1962.34,11.3841
1963.06,11.0203
1963.73,11.3775
1964.42,11.9615
1964.8,11.6587
1965.63,10.1934
1966.24,9.94366
1966.97,10.1244
1967.32,10.8714
1967.72,12.6514
1968.22,15.1905
1968.55,15.8944
1968.61,15.9075
1968.97,15.3795
1969.85,12.8456
1970.6,11.9012
1971.41,11.4694
1972.06,11.9357
1972.6,12.358
1973.18,11.8447
1974.04,10.8997
1975.25,9.95258
1975.87,9.25979
1975.95,9.24312
1976.17,9.44388
1976.43,10.2865
1976.7,12.013
1977.35,17.6079
1977.58,18.7443
1977.75,18.9942
1978.01,18.4665
1978.72,15.0584
1979.05,14.2973
1979.22,14.2074
1979.98,14.62
1980.61,13.9317
1981.56,12.4967
1983.55,11.5532
1983.66,11.5427
1985.48,12.2624
1986.22,12.9372
1986.61,12.6148
1987.52,10.9312
1988.05,10.6438
1988.65,11.0138
1989.67,12.9103
1989.86,13.007
1990.39,12.5088
1991.29,11.2505
1992.52,10.5995
1992.97,10.8956
1993.99,13.1119
1994.32,13.3065
1996.04,12.0081
1996.81,11.2436
1996.94,11.222
1997.87,11.6721
1999.01,10.9139
1999.62,11.4345
2000.36,12.12
2001.46,12.3828
2002.15,12.2177
2002.72,12.7143
2003.35,13.4333
2003.38,13.4347
2003.82,13.0255
2004.95,10.8926
2005.51,10.5244
2006.18,11.0257
2007.39,12.0535
2007.86,13.2037
2008.44,14.8353
2008.65,15.0014
2009.1,14.349
2009.86,12.354
2010.22,12.0716
2011.4,12.9603
2012.75,12.1109
2013.8,12.5058
2014.74,11.9015
2015.72,11.2862
2015.8,11.2817
2017.06,11.6135
2019.09,11.0224
2019.84,11.4642
2020.57,11.9721
2021.92,11.2092
2021.93,11.2092
2022.48,11.2623
2023.87,10.6465
2024.86,10.9187
2026.13,10.428
2027.26,11.0285
2027.76,11.2134
2028.98,10.5202
2030.08,9.906
2030.61,10.2109
2031.71,12.1972
2032.05,12.3769
2032.64,11.8705
2033.45,10.5766
2033.85,10.3965
2034.86,10.9424
2036.98,9.96074
2037.09,9.9511
2037.69,10.3192
2038.45,11.1855
2038.53,11.1991
2039.03,10.8124
2039.76,9.88725
2039.91,9.85546
2040.44,10.3197
2041.1,11.0364
2041.19,11.0524
2042.49,10.5073
2042.7,10.5107
2043.6,10.1123
2043.96,9.96812
2044.44,10.3486
2045.4,12.2556
2045.7,12.4251
2046.28,11.8674
2047.62,9.1785
2048.07,8.79669
2048.41,9.10199
2048.69,9.99991
2048.95,11.5614
2049.22,13.9921
2049.89,21.9063
2050.17,23.797
2050.31,24.0124
2050.57,23.0808
2051.0,19.2085
2051.4,15.4346
2051.7,13.7446
2051.95,13.2111
2051.98,13.2052
2052.19,13.4783
2052.63,15.2878
2053.05,16.9775
2053.23,17.1645
2053.53,16.6131
2054.22,13.9375
2054.6,13.5268
2055.2,13.759
2055.89,13.1513
2056.94,12.0274
2058.91,11.4072
2059.44,11.4266
2061.59,10.7237
2062.57,10.137
2062.59,10.137
2063.48,10.6554
2064.52,11.3466
2064.56,11.3471
2065.19,10.923
2066.11,9.93338
2066.31,9.88299
2066.88,10.2412
2067.65,10.9982
2067.78,11.0177
2068.69,10.7635
2070.44,11.1962
2071.26,11.12
2071.95,11.508
2072.73,12.2878
2072.77,12.2914
2073.44,11.7466
2074.16,11.1541
2074.25,11.1479
2075.18,11.3729
2076.27,10.7775
2077.46,10.2725
2078.74,9.96714
2079.97,10.4032
2081.52,10.1981
2083.81,9.10662
2084.23,9.43121
2084.68,10.5869
2085.5,13.3185
2086.04,14.0656
2086.21,14.1016
2087.38,13.5234
2088.05,12.2191
2088.75,10.7234
2089.17,10.4305
2089.78,10.876
2090.66,11.9313
2090.75,11.9468
2091.19,11.5977
2091.92,10.6427
2092.03,10.6168
2092.46,10.9666
2093.46,13.099
2093.72,13.2512
2094.97,12.2478
2095.08,12.2399
2095.66,12.3052
2098.16,11.2434
2098.33,11.2346
2099.41,11.4196
2100.6,11.0514
2101.85,11.594
2102.59,11.1358
2103.53,10.46
2103.71,10.4422
2104.52,10.5664
2105.33,10.3687
2105.96,10.7199
2106.68,11.3257
2106.69,11.3263
2107.63,10.802
2108.17,11.2644
2108.87,12.097
2109.02,12.1172
2110.22,11.1563
2111.07,10.5713
2111.12,10.5698
2112.51,11.3427
2114.71,10.198
2117.28,9.65701
2118.33,9.74916
2120.15,9.4901
2121.0,9.91437
2122.3,11.4385
2122.38,11.4553
2122.82,11.1169
2123.64,9.91561
2123.9,9.82358
2125.14,10.3981
2126.14,9.86759
2127.34,9.16916
2127.47,9.15624
2128.17,9.50245
2129.17,10.4036
2129.48,10.458
2131.3,10.0797
2132.49,9.40603
2133.17,9.2379
2133.63,9.52168
2134.02,10.5282
2134.76,13.2498
2135.05,13.636
2135.33,13.3794
2136.3,10.8923
2136.87,10.3682
2137.09,10.3398
2137.99,10.4692
2138.99,9.99863
2139.85,9.62651
2140.67,10.018
2142.26,11.8424
2142.49,11.9091
2143.05,11.4379
2143.62,10.6474
2143.75,10.6001
2144.14,10.9976
2145.07,13.283
2145.53,13.6184
2146.16,13.0374
2147.17,11.0969
2147.57,10.8667
2148.14,11.2856
2149.13,12.853
2149.29,12.9135
2149.82,12.4025
2150.88,10.4022
2151.47,10.0373
2152.33,10.5415
2153.72,12.1107
2153.9,12.1513
2155.4,11.3865
2156.37,11.6911
2157.16,11.1913
2158.77,9.8127
2159.79,9.28305
2160.35,9.65355
2161.16,10.6554
2161.33,10.6903
2162.11,10.0484
2162.61,9.76486
2163.3,10.1984
2164.8,12.1718
2164.92,12.1974
2165.44,11.6818
2166.46,9.81705
2166.9,9.51326
2167.33,9.83501
2168.35,12.0213
2168.63,12.1767
2169.29,11.5255
2170.23,10.4612
2171.99,9.86903
2173.44,10.3261
2174.55,9.87062
2177.25,8.52919
2177.69,8.46839
2178.38,8.76052
2179.65,10.2909
2179.89,10.3618
2180.49,9.9384
2181.17,9.35105
2181.23,9.3455
2183.03,10.4066
2183.84,11.336
2183.96,11.3659
2185.16,10.6479
2185.92,10.8374
2186.52,10.4325
2187.49,9.11732
2187.69,9.04781
2188.05,9.34124
2188.41,10.3398
2189.18,13.4063
2189.53,13.8954
2189.96,13.295
2190.88,11.0637
2191.58,10.2561
2191.86,10.1717
2192.53,10.5676
2193.28,11.1814
2193.81,10.7697
2194.74,9.40668
2195.09,9.26268
2195.71,9.68411
2196.44,10.3403
2196.5,10.3456
2197.08,9.89879
2197.88,8.9041
2198.23,8.78246
2198.92,9.1726
2199.86,9.98808
2199.98,10.0031
2200.66,9.55963
2201.35,9.01169
2201.41,9.00719
2201.88,9.35705
2202.82,11.1339
2203.05,11.2479
2203.62,10.7717
2204.66,9.56522
2206.3,8.83217
2206.56,8.79625
2207.4,9.25764
2207.76,9.39931
2208.25,9.11744
2209.26,7.93561
2209.56,7.84158
2210.15,8.20531
2211.21,9.57604
2212.1,11.4453
2212.33,11.5648
2212.76,11.0994
2213.43,9.99307
2213.67,9.8915
2214.28,10.3989
2214.84,10.7794
2215.35,10.6533
2215.79,10.9909
2216.48,12.0605
2216.62,12.0962
2217.63,11.2666
2217.68,11.2626
2218.22,11.3538
2218.81,10.9161
2219.69,9.53022
2220.4,9.19208
2221.22,8.84788
2221.78,8.52259
2222.19,8.85274
2222.73,10.2006
2223.64,12.4637
2224.29,13.5926
2224.38,13.6184
2224.78,13.0805
2225.39,11.2384
2225.67,10.9078
2226.0,11.3145
2226.76,13.5051
2227.03,13.7133
2227.51,13.146
2228.56,11.3161
2230.56,9.61592
2231.83,9.06231
2232.25,9.37896
2233.2,11.3724
2233.39,11.4788
2233.81,11.0431
2234.62,9.49781
2235.01,9.25686
2236.18,9.79947
2237.29,9.30796
2238.2,8.62754
2238.33,8.61301
2240.23,9.62638
2241.01,10.3461
2241.04,10.3497
2242.16,9.6737
2242.92,9.87832
2243.54,9.46161
2244.53,8.27127
2244.82,8.16366
2245.61,8.54578
2246.59,9.09877
2246.94,9.83551
2247.26,11.2045
2247.88,14.3679
2248.2,15.0077
2248.23,15.0096
2248.54,14.5171
2249.25,11.9053
2249.7,10.8553
2249.88,10.6375
2250.0,10.5391
2250.0,11.2044
2300.0,12.1395
2500.0,11.891
2650.0,11.5289
3000.0,11.596
3150.0,12.0856
3250.0,11.822
3500.0,11.8277
3700.0,11.8136
3800.0,11.8713
3900.0,12.0168
4000.0,11.9428
4150.0,11.9454
4250.0,11.879
4350.0,11.9905
4500.0,12.032
4800.0,12.165
5000.0,11.8477
5150.0,12.0179
5350.0,11.7725
5600.0,12.0054
5650.0,12.1847
5800.0,12.5111
6000.0,12.6295
6150.0,12.1397
6500.0,12.1748
6600.0,12.1709
6750.0,12.001
7000.0,11.6424
7250.0,11.7788
7350.0,12.2435
8000.0,11.9742
8200.0,12.3219
8500.0,12.1897
8700.0,11.8768
9000.0,11.779
9150.0,11.9628
9500.0,11.9626
10000.0,11.7966
10400.0,11.9001
10650.0,11.8927
10850.0,11.9693
11650.0,11.8588
12000.0,11.9146
12400.0,11.9175
12800.0,11.8408
13250.0,11.6893
14300.0,11.7183
14800.0,11.4755
15000.0,11.5392
15300.0,11.6044
17200.0,11.7541
17900.0,11.5963
18400.0,11.4076
18900.0,11.2746
19400.0,11.4304
19800.0,11.3183
20000.0,11.5425
20500.0,11.8912
21000.0,11.6194
22100.0,11.3816
23200.0,11.6502
24000.0,11.5415
24600.0,11.3004
25000.0,11.3303
25000.0,11.3137
29300.0,11.1576
30000.0,11.1721
32100.0,11.0805
32800.0,11.0912
34200.0,11.0807
35000.0,11.0902
36200.0,11.0372
37000.0,11.0681
41000.0,10.9189
42000.0,10.9324
49000.0,10.745
50000.0,10.7509
64200.0,10.3305
65000.0,10.3456
75800.0,10.0948
77000.0,10.1141
78900.0,10.0554
80000.0,10.0798
83300.0,9.99513
84000.0,10.0022
85000.0,9.94442
86100.0,9.96211
99300.0,9.60566
100000.0,9.60903
245000.0,7.54152
375000.0,6.25194
500000.0,5.4606
761652.0,4.25564
980000.0,3.67747
1255360.0,3.30331
1400000.0,3.25017
2000000.0,3.4524
3101340.0,4.20455
3753040.0,4.39207
3800000.0,4.3924
4900000.0,4.24672
6375000.0,3.64634
7625000.0,3.00373
8250000.0,2.7721
1.0E7,2.54461
1.075E7,2.4942
1.15E7,2.55181
1.3125E7,2.67396
1.325E7,2.67572
1.35E7,2.6723
1.6E7,2.83804
1.8E7,3.13497
2.0E7,3.21644
